Data Type: x(i)
Condition: Sharp
Dataset ID: 60
35.43561
31.92664
50.88795
51.20987
60.57785
69.01226
80.15083
70.23557
70.84723
105.8082
77.2857
119.4578
115.1118
110.7336
83.27349
92.06202
126.4435
122.4838
98.53269
116.8824
110.2507
123.4174
136.3588
150.3303
115.2084
127.7956
119.5543
145.8877
178.4021
159.7949
164.7525
181.2672
192.6634
209.5644
212.2042
179.3035
178.4021
189.6051
170.2896
214.5864
194.5305
203.9629
259.3018
182.3618
164.3662
174.6356
162.2737
220.7674
206.8602
168.519
162.5634
177.3398
190.3455
169.7745
252.1551
169.356
200.4539
120.9708
263.2937
150.3625
183.6817
202.6752
195.8826
158.4428
165.7183
224.1476
173.541
166.9416
158.8291
156.2537
138.0006
225.7894
168.68
143.5699
143.2801
73.32604
108.7699
101.7841
149.0748
132.3991
162.3381
144.4069
163.5614
143.0226
178.5953
189.8626
134.2663
107.45
124.2866
150.5234
160.2134
119.7153
156.3825
103.7801
145.3727
146.2419
133.0751
121.5181
137.067
167.7464
168.9053
202.3211
173.6698
189.6695
169.9033
209.4678
190.8928
174.1205
142.7007
170.8369
235.6081
112.4398
240.9199
131.884
121.7756
136.2944
130.5319
201.0334
144.4069
149.107
224.5017
130.4354
186.418
246.0063
110.0254
144.0528
179.046
175.7945
160.0524
221.2825
246.1029
149.8474
146.7569
137.6787
186.6112
154.29
160.0202
216.1639
188.2852
183.5529
188.5749
177.0822
136.5519
126.0894
157.5414
140.3828
130.371
128.4394
34.79176
123.7715
134.1375
232.2923
209.6288
111.796
93.02779
165.2354
87.55508
167.9396
37.20619
90.22705
133.3005
91.64351
76.99597
47.21802
72.55342
77.80078
79.8611
9.971441
55.20173
41.7775
29.83413
6.816589
12.32148
17.95515
70.976
29.1259
32.95679
16.73184
20.53054
2.921313
-6.317895
-8.185052
-10.66386
-11.95156