Pattern Type: Normal
Dataset ID: 1
79.59303077
74.73376356
73.46692601
76.45195974
70.84636759
73.27769592
84.72226345
85.59281226
87.17310719
83.61975046
72.07067687
78.51321777
89.11336491
81.24245675
73.54230718
76.43011424
76.28182647
77.14212963
78.02090821
78.53294816
83.331016
82.08260348
82.81368362
83.63046236
79.56371175
72.32013674
72.15209212
78.05697458
87.89909209
83.98699917
88.8225282
78.89473633
80.9866364
81.11883002
81.76380479
89.89558339
72.89056701
79.40476747
83.84543583
85.81834408
77.21603488
79.87055392
69.25132465
75.72961874
86.78606761
76.65709378
84.18211963
81.84493901
80.28716293
82.99808744
76.69425084
89.07618427
85.33412862
81.91495371
77.55491597
79.97412741
79.53750743
77.53656591
81.19837281
72.83714269
74.29114693
81.8418237
87.25806356
75.01837467
69.12400325
82.65089165
83.85483385
78.48313954
85.39078024
74.71680407
81.36351496
74.90704102
78.26161788
80.72560807
82.79097962
78.88455442
87.44951287
76.21627791
73.17363876
79.06552104
82.12814199
80.08951103
82.20340502
82.85695576
77.87019905
71.61249045
75.77037431
81.3963697
73.74908112
77.06576036
79.27527435
86.38811436
75.39508439
74.50732322
73.47412319
76.94154752
78.68177494
91.70106055
87.09803283
85.64692345
77.55272165
79.98449215
73.89073657
74.7955263
86.609162
83.60432269
72.32532649
81.66134708
88.37743601
86.49037816
80.57320532
72.09738417
77.72805243
73.52016161
94.81714924
83.06953201
76.22413256
81.428954
78.13123284
75.49356572
82.826791
75.83307131
78.90234448
75.68051815
93.50664802
83.34920573
83.42786684
76.53586467
77.26824131
83.46576064
69.67606184
77.77525767
78.78788001
88.45509177
87.62209024
85.93092018
81.11150061
81.82538446
83.80725607
80.14841693
88.41512767
78.49756102
70.93582985
79.31536628
75.88300694
90.92652379
76.87675079
84.12697112
82.74971452
73.9675114
90.36028639