Pattern Type: Normal
Dataset ID: 10
83.17416578
78.16372014
78.03936568
82.15970333
80.97238355
77.67299587
83.2962029
75.47656587
78.1479485
81.13727699
80.42954998
78.03460166
86.06003907
81.27568911
73.43485034
78.96834938
73.67779539
70.37588878
82.23878361
83.51654496
90.24052344
76.11754527
76.8350807
80.15809014
79.81336479
78.29521782
76.6717381
74.44014572
80.8380739
83.75760123
86.4379673
76.30202404
80.10210772
75.84083995
91.85436272
70.15921596
82.87530749
74.089274
76.0962088
82.31578574
93.15896591
81.90150005
77.78169369
75.76855112
83.72643076
79.99118531
85.38641901
77.42886415
84.39704643
76.31657793
76.01333416
87.91033945
80.28868141
78.37426911
85.97280554
72.65607744
85.02018485
75.39619765
81.48555709
79.10527022
76.95332372
79.50055696
89.09801507
81.38596072
79.30188249
78.32773841
85.67416745
76.95672404
82.53068299
74.17215873
78.99678782
86.93978605
86.53686226
84.03053123
74.56131208
70.44779327
78.84444113
85.28299812
83.17450417
72.52725406
82.75804118
75.65636187
77.30430602
79.35789695
73.23006105
78.78172266
76.05987055
83.98100103
79.29487416
81.56481127
83.56937596
77.46000592
77.81291856
79.28611475
77.97795499
89.3540661
85.55565448
84.76238464
76.72749099
79.60480085
86.25816803
77.09265316
74.97470418
80.20835944
85.93250365
74.58043278
78.85155659
83.78952711
81.42232759
88.36923688
85.21538324
66.42055905
78.35422232
70.48452385
86.15531995
80.07380881
79.75168882
80.12732024
79.35143914
83.93263685
77.61744941
73.56125059
74.95941056
83.20721186
89.65065811
79.32468387
85.81744615
86.96583288
80.30402128
81.30966912
85.94825577
77.26003239
86.09725266
77.6954062
79.60605599
72.02041073
83.08294229
75.74073117
71.12793624
70.77168559
86.4915366
79.94808604
76.50424402
81.1469796
77.82778836
83.60746224
79.33124431
73.87866132
72.33524343
82.28634019
80.62302911