Pattern Type: Abnormal
Dataset ID: 100
86.65900425
84.09279865
79.20182906
89.92787254
97.50631582
91.8752933
90.11906376
85.02239996
80.67079884
90.12501858
81.58917141
73.42688311
82.96694756
73.59815274
63.7098259
69.63593054
76.46914064
67.95269121
77.94482042
78.09387367
78.42850283
76.80520191
88.3581192
90.56339762
82.41277486
91.69169751
88.70039445
91.63304657
75.18018801
88.05614579
78.83552239
76.9771486
75.895187
71.87164991
66.69396054
72.20420461
74.16120596
75.77520667
64.4474056
77.94351132
94.41827097
69.96946694
87.02438042
84.44737128
98.89671996
89.47959583
88.88314179
86.70477666
82.98074038
86.5624511
79.92910077
70.40654685
81.6813729
77.40080292
72.6292368
62.83930664
75.73476137
77.90343189
80.20375196
77.99694731
78.08870457
79.65178286
82.43383276
88.44250912
94.24002241
84.12890478
92.10606623
85.24089479
86.8026602
80.19461864
75.58606716
68.08403407
72.47420664
69.47828568
64.19538687
67.97489927
75.3758135
82.31937732
65.58380498
68.70400665
76.75592294
98.16568268
75.90056657
85.23509611
85.44322839
86.16039507
90.23498036
83.52258127
84.71472778
82.7977579
76.99798908
95.18328698
73.06836223
72.96150201
78.0469163
63.43909515
71.86446876
66.94955933
72.99057351
85.07499523
73.10404742
83.56087463
80.20766368
99.59877285
88.53232409
96.58036656
97.89360211
90.32153098
81.4454872
83.73570823
77.03431676
66.49733537
67.88580543
68.09143416
74.66462589
68.29139605
65.57322087
73.99057276
83.8036262
71.4863426
76.69062799
85.08323318
89.76502144
93.6902933
91.61142699
87.65862711
90.12570702
80.46281516
84.78255109
82.05664794
76.59676145
74.33980854
83.1245021
64.21602706
76.02978701
71.27914075
69.50569468
79.38930222
67.67248189
79.19345674
79.16290302
80.16951494
88.96994376
92.8347608
89.39573859
91.33679896
92.31401062
93.13875104
78.14592932
82.3166761
81.78554296