Pattern Type: Normal
Dataset ID: 11
80.42481684
88.7631102
75.80486477
76.78257964
78.35076429
84.53108902
88.84927171
75.30903139
76.33424763
79.50754505
81.61509268
76.02439574
77.48286443
90.91569753
82.68736878
83.23702396
79.27410876
79.40070125
79.73301782
81.02723513
79.18566316
76.58906309
85.26285868
75.50658809
73.72365301
86.39566915
84.28190963
82.94064697
74.3149298
85.42280331
85.76339209
83.31715221
84.62100303
81.66669834
86.37810516
90.02821916
88.08449622
89.00472612
76.2548604
81.78056534
86.99215266
66.94783228
84.39067699
77.66358289
92.01780717
75.93362689
71.20545373
78.94474035
76.95566744
69.79771882
80.93476867
71.35617193
85.32693922
89.40307898
77.04321215
77.07593541
83.4282839
71.16824674
78.38272477
78.21448844
89.89686317
78.11046414
82.52172598
76.88409759
90.19442054
74.3954583
81.93455929
79.16221229
78.78111363
79.40541766
82.5944237
87.64936451
83.87141237
79.1428604
76.19505326
81.81171464
86.38234716
84.24470109
81.28150072
78.20821983
75.39559493
82.81870106
75.0602922
71.32743645
79.07672775
78.77486985
85.91847708
82.9384026
74.16332766
71.20105739
79.51305426
75.59001867
82.41863405
82.95704085
71.5238562
83.79956808
80.39755849
85.0618685
77.42583434
87.78727931
78.01206529
82.57857463
77.5065842
79.33532659
70.92659207
80.545638
79.11092431
83.85983191
79.21609436
77.98891684
76.65058876
75.57665529
82.55271681
90.13672724
77.16820968
85.7540206
81.8712758
80.31311732
71.82874535
76.80848874
80.38959666
79.4982566
74.6252908
85.25223476
77.61834481
80.09676904
73.63870373
80.60344123
84.06403275
81.5918723
79.59408931
78.77550693
83.11120104
83.65655672
85.08057691
82.23449963
80.04762825
91.29875064
77.31765296
91.41435964
78.70591897
74.09860299
79.54347702
75.8847762
75.49727079
81.82182678
75.44406796
74.44767728
84.10125782
77.62288753
78.803637