Pattern Type: Normal
Dataset ID: 12
78.94236374
76.00493706
76.73730439
80.0662643
83.58584462
78.72553793
87.22181651
75.57772447
84.65507976
79.34271867
83.83717291
86.46565671
77.54866154
84.56046221
85.93438108
84.47745681
72.41702585
79.01804772
92.34601749
69.17299311
80.51618603
84.57772527
80.1054356
77.53793373
76.2223869
76.37276284
86.94199047
76.33762285
82.77331853
82.22516807
80.8326244
77.51793112
86.64246469
79.92377263
78.29296094
72.09512179
71.29525861
82.83182673
77.7276112
76.91565369
84.31439171
76.65372044
77.75229606
74.20744371
80.21726465
75.02566272
77.74193892
83.41798664
92.35137305
74.36369251
78.12069905
74.79038816
91.36674962
76.02988223
86.91337343
70.73142806
83.70945642
83.92788788
76.08728501
86.43171161
86.70867302
73.79537083
74.41738902
96.49808129
78.22716975
79.17265128
79.79118128
74.77328768
82.2923285
78.49146331
84.74269139
83.74278621
77.53216293
91.83276018
83.21797706
81.83602749
75.55591086
79.66592204
80.54354825
83.81576098
72.636437
79.33915682
80.7037129
77.63636897
77.91954043
80.61560388
84.54119306
76.45223377
94.75370946
84.58914715
81.58080313
78.39248688
78.61847602
82.58655047
78.17736734
82.04403197
84.39112058
80.69064586
80.6161585
76.77475024
84.828578
83.0862274
83.65917672
80.91064182
83.78954384
71.26141166
84.68173506
77.79737345
69.67786005
73.69535828
82.70903496
79.10663594
78.12186411
80.56237958
80.42945434
78.60549761
97.48233237
82.48556488
80.31969467
87.2739566
83.28799967
75.26580275
81.34343501
87.21556863
78.17443643
83.31839272
85.00418138
74.91590003
85.84948459
78.18160214
79.25040822
76.27933817
78.48521506
75.77023817
79.89500123
80.10773161
81.42874357
85.20781092
83.87300699
69.9272269
77.30002877
84.39722245
78.67050143
79.69425179
81.3630455
90.16766949
81.32198062
80.52935529
81.59392618
95.25338246
80.14634864