Pattern Type: Normal
Dataset ID: 13
75.00857297
78.64063824
84.09999427
73.10635791
80.20000752
72.30200985
75.92798847
79.93481693
75.35379531
77.03341221
82.34880699
79.04867284
74.43330036
80.52530591
93.43040056
72.274412
73.58396116
81.3335936
83.30858522
79.20308127
76.86253714
72.16402151
75.09741025
65.65467677
77.09305558
78.28583496
78.78127823
93.38398774
83.06545207
74.5148104
73.49938077
80.8603399
77.44574548
78.43528884
87.80895747
85.25708022
79.2574073
75.97178322
76.05144614
69.84897149
82.01595704
74.2041061
85.0427947
75.20637258
76.80818817
73.34920648
84.98639843
82.2500614
76.5012602
75.60703454
80.72241159
78.86282368
91.18486551
87.30061515
83.39026476
88.0915622
80.97004042
79.90755832
89.7770176
84.22346946
71.27725604
76.621944
84.5183362
83.48852614
80.82772513
72.78770945
73.35231209
89.23262617
78.79672415
76.08431661
76.60307416
77.26793115
92.60945993
75.36712857
75.75262645
83.8070723
80.74551647
75.56270872
88.23298314
78.73853738
77.288822
84.32572291
83.86840783
83.28178067
86.20916313
69.40428367
82.4255001
84.02583527
82.51601378
76.38083697
80.90915174
77.22978451
71.94380255
80.96941582
74.64831479
79.86999143
82.67544742
75.3527966
87.49764602
70.21582648
80.54326384
85.83489252
86.83908901
74.05988564
82.9084795
76.11162962
85.69971065
83.78597425
73.37063176
78.14986196
84.91720973
78.78014359
73.74665154
84.66481034
80.47909887
82.53833052
74.30037256
82.56620594
76.350754
84.60340085
73.58514601
83.63692888
90.77984388
79.51080899
83.26670396
82.24282786
69.24242779
75.28624163
74.45178899
78.49815861
79.37471235
80.48430304
87.66523826
81.72361983
74.22671213
77.67286373
77.41702443
75.39901054
72.15363961
72.86027727
80.37346178
80.73021103
81.6275959
69.78759758
88.56740477
86.38302008
68.90779073
85.29967184
76.08790846
83.01708855
86.46973614