Pattern Type: Normal
Dataset ID: 14
71.97620922
83.72178407
73.63473602
81.41830246
78.46434922
80.3588592
86.46782911
83.64501531
77.41665526
75.19644178
77.09663209
80.89390687
76.53944825
68.99172961
75.61603933
76.71983625
74.66679192
69.16843736
81.70084674
82.63601479
82.61757068
85.47653008
76.37735234
83.26179938
66.89077623
79.37386875
75.67915177
77.20362533
77.31511423
90.08789423
74.76980621
80.35325922
80.7215819
86.00891177
80.06267504
82.9306392
81.89366761
75.81761483
80.63191153
70.71732066
84.72591912
77.59495478
72.82186457
74.52465478
84.46286868
69.56242701
77.71504961
67.90257363
81.0332229
75.8897588
77.29459783
86.31194326
86.70818703
80.08266861
85.94719423
84.98832771
77.63049308
80.86034173
79.75788034
79.90130976
73.8803863
78.85730226
81.05078702
90.49195099
89.36153808
81.6505536
80.37201925
78.60929474
81.19336584
79.74610746
86.2458267
78.85416462
79.18370085
81.01960227
76.70938483
86.55961722
72.8912461
83.82637598
78.50244213
80.77108163
78.01483471
83.48453745
83.03964528
80.51878064
79.10019968
78.63298213
83.4193835
78.03916202
86.17083936
79.59756911
78.73665091
79.98276067
85.72520102
81.47502017
83.19874347
76.27420144
85.8245625
85.96781263
79.15799891
88.13204719
82.45773932
81.18358297
81.73672067
83.65891564
76.86777452
86.28253204
80.5274518
77.66875708
82.08468687
79.91671858
80.93001969
85.70373883
83.419224
79.2520097
79.30286298
81.71797648
80.74216353
82.17142242
82.52917961
76.55666147
85.6667292
78.40285898
77.64546084
77.12805437
76.69637005
81.82035048
78.89861263
69.04558323
79.84799984
81.11328473
83.03859172
79.78588409
74.52794717
77.21114869
88.22732561
79.79707594
83.69632378
83.46451003
79.35231791
77.90272978
72.52797647
75.2371761
76.70986674
90.17949437
79.21279652
80.82563852
75.66347546
85.24655291
81.28789158
81.7877509
78.53223403