Pattern Type: Normal
Dataset ID: 15
85.08658122
74.58375654
79.39563453
77.73943026
83.01085824
84.91482906
76.23274534
76.01230474
81.08160308
82.52228331
70.26962087
78.65468409
78.29742447
78.16032848
79.31447723
71.1356015
87.17423257
78.05032959
81.2226153
85.57080114
81.39117639
76.30470474
85.12703068
75.99739291
81.48635639
84.21571812
85.20275725
73.98193872
76.44845082
77.77210652
77.47422489
80.10580083
87.11367732
82.94102348
78.22641375
78.22663817
74.90246493
83.60117761
78.9457651
76.38101717
83.23575411
79.62338491
74.93485151
80.56062073
76.87960443
82.24144832
80.67852379
78.49050884
76.59484755
84.4481617
78.73060588
75.54419607
86.41246306
79.74911167
75.32420599
83.16498461
77.75834779
75.45222918
73.82775506
79.49456117
86.47404286
76.45044449
72.55787135
78.76456338
80.46320556
73.05482165
75.33640687
87.53363299
79.34395805
86.98788105
74.2770077
80.46850396
81.98511857
76.9267432
75.97436413
81.22683621
83.05297303
86.15573237
84.41115122
85.06098048
82.045751
86.31466223
82.72728998
84.79122205
76.78146144
71.94625558
82.91958945
81.49939468
79.98555687
74.02893867
71.37382693
75.65932779
83.13015465
84.91016698
90.11195281
81.46397536
88.79702448
83.75522983
70.70475839
83.45808254
86.13631934
88.87453447
77.41131039
84.63923731
82.23476088
73.22254859
85.06858782
72.90801227
74.36455291
84.5406662
90.10024216
83.39421557
82.88467062
73.94017226
82.0266741
78.29711928
86.06093528
77.51130722
80.72339026
83.7795866
84.04484346
77.4750974
80.38191582
79.73513565
74.81154951
91.31281414
68.63517619
80.32324056
82.070997
77.20580973
82.93946288
81.25445364
83.79347619
84.54684707
77.24410952
81.22712619
87.36311903
74.39366942
85.47404134
77.03539569
81.97778779
76.10469871
81.49986307
71.02151656
83.57089256
73.33183216
75.43517711
77.04289952
85.30559175
73.62813722
76.39435163