Pattern Type: Normal
Dataset ID: 16
84.35291755
77.11179536
81.86461275
76.65049033
78.73169109
88.00913476
76.11134421
81.87179096
77.06914572
74.39031003
76.324118
73.1678532
67.29347569
72.71971756
89.6075446
90.10093349
81.16558738
76.75485992
86.17596703
72.37350414
78.74448291
80.71200048
85.68259899
71.26086745
77.47639498
75.48144001
80.27604433
78.18050613
83.99579215
74.7406704
77.19791702
80.46856136
80.5402833
74.66194788
80.67340185
77.85299518
82.69160643
85.11692451
76.21712308
90.01068316
87.86301727
73.98892938
82.73630212
75.21740617
84.58930924
83.96986597
77.18482651
79.73796784
77.74705151
80.09762776
81.67581439
81.83172982
79.67285835
78.84334829
86.50034086
79.76747056
74.48935068
84.64491438
73.29014112
70.67086005
67.34205938
81.215302
82.86368159
74.65257628
74.65342526
72.2037272
80.93285943
77.37021514
83.82166129
76.13556496
78.98745069
72.56439687
76.81649258
81.04563812
79.08555431
81.79958267
78.84322996
79.15902957
72.94984791
79.94582502
74.78039183
95.11136211
77.98722259
75.73740455
72.89105947
81.65739568
74.68626931
75.27535735
80.69834954
82.63428488
68.60563485
77.70282706
89.20164967
81.87618121
78.58713188
78.26493722
86.7263869
82.05029679
72.81644468
76.50439591
72.5420658
79.88533437
84.40802818
80.46573691
76.2395148
79.7630939
67.99876194
74.81530378
74.12336352
72.84994799
78.67501059
69.96517851
75.67077396
84.43770559
82.7631495
74.63747569
76.41713643
78.41632807
80.69334581
76.79385642
81.37353598
89.50296469
83.94366427
74.63967458
72.3575828
86.7925568
82.21473696
82.8587399
76.64271112
76.66376921
78.78060417
76.2431385
81.50031657
77.7277468
89.53252847
86.86201337
82.35231771
85.4310839
83.95817003
75.18023395
82.17715533
86.47181144
78.18242222
84.97374016
83.69146598
84.89342596
83.61523367
79.10478793
80.01583155
78.68338423
68.70833368