Pattern Type: Normal
Dataset ID: 17
83.86934554
74.71618732
79.61049659
76.5840901
82.4025202
79.95669459
86.18149352
77.80961162
78.067217
77.76142665
73.77477927
80.83556366
81.68471627
86.52208178
76.4105584
85.33758996
74.9391145
73.96054807
82.80285083
81.67422955
80.76396942
77.12282441
87.51799453
81.10911317
70.14868368
79.20213251
77.78658609
80.9339283
85.38199615
82.58690951
74.97124057
86.5667164
76.64068769
76.93430019
72.45592408
78.51447518
84.51867171
80.25553965
81.73788988
70.4627381
81.46272357
83.26678403
73.32541627
83.06270961
77.78426757
83.65874308
76.4207406
77.19167177
78.12859551
85.9773635
78.62884596
77.04434102
73.38809378
87.50761251
80.08412184
89.56594731
88.70275522
78.59852854
77.26344436
83.42533802
85.66704006
77.16711905
70.34964123
83.26636096
73.9077423
89.09040603
77.48683059
70.684394
72.06454374
90.18381374
77.06912187
74.21971678
87.1402683
84.94412304
89.29712046
83.14567862
76.34345666
76.96501437
84.65506584
70.71731118
81.70168521
82.62892438
74.98400116
74.18999051
87.61576322
83.40263353
87.63505495
77.48650253
83.77814313
72.88959058
75.92386203
79.8385327
76.83480882
83.31951533
70.26594732
77.17899373
70.88451114
83.35869359
78.53757965
74.31100879
85.10316344
84.66058778
78.57591811
73.73066177
79.83469761
72.11983866
81.15991363
83.41515271
86.11646286
86.44542121
81.65323345
81.69345419
89.39792499
81.96116884
79.83690284
70.01415847
71.32077474
82.29911306
77.88297539
70.67033161
76.79203945
88.59926859
78.84842188
71.32403837
88.95939773
85.79259517
77.45152742
89.20636535
76.32542335
83.59979153
72.71807612
90.7856497
87.79081462
75.8600711
73.88353239
76.66654638
75.77049468
76.76367378
74.088726
84.0438069
79.71502974
88.78138176
83.16719275
81.03025634
83.52699467
85.91663367
83.76637962
78.23823455
83.4935109
80.70331782
80.5129076