Pattern Type: Normal
Dataset ID: 18
87.16843511
76.04546652
86.68138663
81.76734663
73.13861545
81.14358117
79.02377735
87.89131825
74.78562537
80.31316003
73.91552665
73.79426812
74.65593665
79.89787296
70.74731039
79.63601462
82.86146296
78.92306016
76.50297998
84.0131414
85.29159022
79.17304067
93.35339768
86.52265072
79.23498872
84.71163224
70.99995769
79.83305649
84.12245383
80.86020653
67.45864974
71.22389814
80.95227421
84.32142325
82.46471445
72.97777338
79.80982048
81.37301379
80.62711046
78.79668914
71.65507706
79.21698151
85.56246907
78.27320679
77.00136578
76.65648787
78.95718011
94.70524259
90.66296334
82.96018293
80.14572006
77.02927487
83.13576049
78.34491268
84.33900973
78.30468238
79.96052087
79.75608868
78.84896214
77.12613585
79.85264925
89.10017109
81.89842536
86.04998889
74.64257352
72.34854077
72.33104651
74.82106327
81.74565648
83.08474588
91.45153692
79.5468706
77.92030176
84.70708946
73.96475923
90.19033238
81.51463212
73.2888218
79.11956849
83.04608566
74.73210276
84.56501333
84.60195986
79.5846117
74.68174064
82.24887875
82.66170968
78.2058455
78.54633939
76.79541545
87.66030892
73.79924472
86.07939327
85.12988684
81.97829915
73.57181828
91.69262968
82.62494749
77.65489611
81.33191902
71.9446669
76.15524108
83.89187035
88.44340868
84.80961191
76.65370644
82.81065973
75.66659649
81.05736633
83.80262819
79.59414528
79.37763221
81.68232832
82.3822777
84.5618143
85.83722456
79.30095461
76.10936929
82.23822288
79.68079657
76.30609186
85.36517883
79.89704473
70.08810369
84.60791996
84.84496028
85.59194109
81.47364497
83.20928962
77.10523832
82.28608401
77.1662765
80.01776203
86.78335018
82.42703327
80.27751638
89.18238508
84.68368147
83.6266069
79.54641022
83.51488243
80.52365732
77.81249346
81.33577012
75.03094052
81.79791939
88.58680531
73.39043614
75.61997579
85.87726619
74.96027139