Pattern Type: Normal
Dataset ID: 19
80.7498626
78.09366383
68.8539746
80.65370967
78.80493472
79.78596442
65.24896808
85.03541246
79.34250615
74.30710958
74.90163215
88.07058274
72.73831341
76.64609767
79.82115677
81.17672175
74.05120147
85.94207075
80.55950924
85.27211297
82.84740666
89.98092391
87.3617438
83.97129298
77.94031851
69.55907651
80.47628914
79.10503486
87.32679746
80.59196716
76.93961267
81.59678133
77.59574807
74.99836918
76.66784861
72.57631509
84.88938772
79.46583312
81.1709821
82.09121251
78.86489838
84.95457053
76.66468996
75.44496491
79.10664031
87.39207752
71.68847092
80.91807155
76.98997071
75.32884415
82.77632504
74.61332642
85.70192849
81.55676433
79.01488869
71.28833252
82.38987529
76.64790199
72.74300355
66.71997682
85.6427383
78.94350527
83.74491367
73.7952307
80.0738602
87.40001422
91.06324213
78.49423813
72.49707392
82.00401104
78.13002946
72.87264676
80.58695481
86.48530495
73.25268628
79.82406026
79.87750542
84.7133172
78.25764543
75.53828211
80.78809982
81.52523248
76.74137404
88.93337227
75.6672255
80.23435938
82.46289253
78.24660465
84.1124735
83.00970528
78.86570703
79.38340727
73.0048316
83.59271962
83.43433814
80.8079799
78.86841919
84.23506405
71.58328185
75.79394638
83.00756375
73.61640539
86.27215632
76.77669944
78.16790446
79.37598856
76.2982294
79.43434684
78.28342795
83.36681385
78.91825682
82.04040771
81.86720995
84.17655972
84.21056277
76.85832709
78.2462727
84.34318111
71.32377861
82.18353834
84.1988419
71.90557678
72.55617351
81.25361928
85.61388261
86.47983163
76.87654034
82.97434061
86.00416224
80.14256391
88.03459357
69.59514603
76.54231914
78.69177951
88.58779616
80.38827453
82.27069783
80.34503036
78.75387885
84.44396462
79.09268906
78.62143685
87.04447003
78.97987441
80.11696002
88.10320538
80.85940526
76.25693987
80.04424157
80.9046448
87.50255383