Pattern Type: Normal
Dataset ID: 2
83.71010732
69.88295262
88.30889955
85.06512525
87.55654702
78.22750039
72.63233274
76.56931859
77.75461582
82.60464937
78.87612162
92.62195215
82.7400922
82.21508345
84.40455462
82.32856713
76.83036277
81.17311625
88.75565472
87.81184456
82.16633651
72.56422637
87.8068002
78.22054834
85.57702937
84.28961786
81.26902325
81.95510711
75.54474739
83.15080111
85.48979641
74.52586216
78.66472236
76.18138463
73.53559026
79.25392121
77.46935568
82.07624946
81.22185446
78.69879538
77.7098994
66.86323992
70.37398996
82.6355698
77.08041538
75.7862053
77.2210164
80.78288446
84.90109157
86.89267218
76.12559193
76.05864669
88.42008253
79.36812178
71.6451636
77.73807809
83.44981398
84.93749251
82.31162788
80.35059441
81.45258253
81.61158693
90.77503128
80.09843911
79.1188532
85.47536356
77.01521022
81.006367
81.8636183
78.20243492
80.67182426
73.79687674
83.87156065
73.41307554
81.32666561
75.30936174
80.10162225
84.30402353
83.43686093
87.92506425
83.74458947
68.37927142
87.26445382
82.17593614
79.94872956
91.96913682
81.69133778
74.59896837
73.04875312
74.75395447
78.53543669
88.78749645
82.10682941
75.39188103
86.83651399
85.93259094
77.6699094
76.40297268
87.39890597
82.22967165
78.91664047
75.11848203
80.34613544
86.35602264
81.97112278
88.81920182
79.23887115
82.95164897
80.10906095
81.58112615
90.57385121
77.55038337
81.41988626
82.79326755
79.95148409
86.99502785
77.67136345
87.8133648
74.73027659
82.53763235
87.97275261
82.40808496
77.41217412
81.93191701
74.12211014
73.08190806
84.75369929
81.44391658
77.75040107
72.90719921
79.66018044
80.05794403
78.90807244
86.20604024
78.70347214
81.20892858
88.55287708
91.67918405
77.76977495
78.87105191
78.49292263
83.37925102
77.3292968
75.6174931
86.61260059
83.14657366
78.1649476
75.35133182
81.27210624
78.75107868
79.46052626