Pattern Type: Normal
Dataset ID: 20
83.63004471
84.95135047
79.98169394
78.06622531
85.67738663
76.01791568
79.28329033
79.22727603
75.13685902
80.80326862
74.61865133
85.82345097
77.9046809
77.2128351
91.46416334
83.21938079
71.25481095
72.80041626
87.12954824
83.68408526
81.03731187
84.89897171
82.2795116
70.77019735
83.29325533
75.08163702
83.07237712
79.72701538
77.98886236
80.92892021
79.83552901
76.76179911
83.08503614
78.96025512
83.72360184
85.40813987
87.43640779
79.32077645
78.57388636
78.64039237
76.99017313
87.86774962
78.29902536
82.642322
72.54809472
81.89341207
75.80997868
75.99194123
84.40505817
79.81723285
81.48273034
72.54437834
74.95240262
81.17370257
83.13935063
73.86612953
90.9947443
77.62283008
88.26710013
82.0015518
86.26405599
85.84363566
86.7930519
87.02075624
85.98622992
84.08131819
74.60172215
80.70565552
76.27702479
73.22979362
78.27271645
85.5873933
78.36335273
78.77974296
76.70210555
81.05366802
74.29725865
86.18837172
79.4425777
75.26540204
85.46977561
82.57230219
77.468986
81.36224975
83.36219907
82.74675337
82.70956351
76.85957602
75.17643501
82.19903228
78.18776379
80.56287736
79.34662633
67.34735142
73.305397
89.04861542
72.81618773
76.3754453
85.25884876
85.88434712
77.08891956
79.58196197
72.61690065
80.25852595
85.8042883
79.86246443
76.14187371
88.63418675
80.41401889
80.65179916
88.86398064
75.04748364
70.16378245
81.38983965
83.78017578
83.78977077
83.06051939
79.0115831
75.68354084
76.04675799
83.41681554
85.70968553
82.12081562
90.16421672
79.42483853
80.98254496
79.10573684
83.90643923
74.59639449
80.08282033
91.28639689
76.99445963
77.85196124
87.8498603
87.85803267
72.60870445
77.6242179
77.43865157
73.54854538
86.26449319
74.86479184
82.18321016
93.97795418
84.44622232
80.04342026
78.99179159
72.59413395
78.2173477
78.96216883
75.70061045
90.49197662