Pattern Type: Normal
Dataset ID: 21
76.03926419
88.44506728
86.72124373
74.13402336
75.45311459
82.25438061
78.8312089
78.7111153
83.46193387
78.14436039
74.45161257
81.43064242
88.14977993
78.88551839
73.55307034
76.39709667
85.62874413
82.4748026
91.62153236
81.4064842
91.15434249
81.74294292
74.35331755
74.59918125
70.67018528
75.61264227
84.85621794
70.28268813
83.13809131
83.05216511
78.29444892
85.05024753
84.67951221
86.3624687
73.56064634
82.34932073
79.37645227
86.90457514
82.70888137
79.70260583
75.21203703
83.55544025
77.92422732
80.521474
78.58927216
81.31373436
77.18636638
85.03191252
74.69279415
71.69223095
90.12144459
73.57843501
74.95925004
77.67508948
83.04793822
86.93553058
83.25493855
83.82492649
77.0311585
81.1468114
69.66226719
77.06737188
68.74364871
85.76264203
83.38229915
85.82435463
81.25344808
84.23101669
85.7626889
74.5048371
73.93425073
74.04481986
71.24914271
90.57640802
78.90955135
84.75711308
71.73528968
83.17665714
73.70205988
80.5056733
74.21926018
76.46998274
77.34093686
75.03972335
87.90864828
79.54201293
71.94971464
74.59904086
79.27000199
79.67883044
87.23824191
73.63940493
86.07037093
74.69601934
79.11656747
85.0864454
83.45646372
82.28954921
73.03989813
76.87456342
83.09675249
79.39969706
77.58348268
82.04919618
75.32922853
89.0624056
72.31357523
74.8723377
81.78601638
76.38712791
76.2238186
74.30166626
83.38827915
72.47549251
77.72512158
82.61637451
80.32021999
89.40437678
85.21381594
81.46830299
78.39813139
84.45153431
84.10578577
69.68493357
81.21342665
79.25543006
72.46124782
86.46818295
83.0244766
80.38814554
71.1135729
71.13021873
78.61666381
75.51993511
85.98364126
75.92332622
76.75570353
73.98014639
79.43962911
80.0907564
80.8115333
89.43106083
85.82744683
73.35710443
84.32206665
83.02772235
74.69829712
70.49935501
76.19129269
83.14094758
76.18651233