Pattern Type: Normal
Dataset ID: 22
82.18419885
78.84025273
83.52712352
73.7962409
74.39635816
80.66355074
79.02909599
75.45275112
92.06089898
86.51235058
79.74301768
79.1434078
88.09549018
73.75846876
82.71781551
87.94729971
84.84589923
82.1300583
79.33237048
88.13867147
79.55817229
75.9830335
85.25222621
72.32877703
79.50992755
74.47984452
77.48412979
75.13737407
88.54853354
79.74091566
81.86944568
78.0738397
84.30923989
82.85576746
82.71682325
83.86839714
85.79433661
71.46157657
89.74620369
87.8092216
72.25554131
72.97996011
79.33267935
75.11914431
86.94298193
75.34448073
88.95887155
74.15322366
73.1559819
72.54859036
71.41953765
69.26795036
78.33335484
71.98207924
80.09746564
77.7654105
77.93594513
77.86332617
82.10444241
81.54562259
74.575173
86.6721384
77.44477392
85.60181522
74.7599506
81.08652646
87.11954174
78.42289033
73.28235598
79.05998759
61.07706106
81.45424472
74.86100462
73.44751818
75.15366678
74.73830877
85.85488574
85.77887607
81.41386076
75.76529631
87.12439501
81.01886515
83.37154944
76.14303972
79.47942176
77.70153986
80.34575666
85.06179566
81.90274534
77.85178625
83.08670726
74.34688935
86.76494387
81.59178738
71.82434594
73.65433343
82.38572756
81.21678479
73.44261534
79.14195084
72.62075785
78.93920971
72.01324131
72.41327864
77.66385434
79.99199287
82.10673782
75.90245183
77.28427501
87.66403018
82.7499906
85.76947688
79.22383841
80.65083569
79.70286105
81.90705165
75.67525011
75.30827224
80.42650185
77.37767629
79.15405631
78.14818658
80.59531584
84.21931389
82.07203674
81.37863323
89.03758582
72.07416401
82.43100858
87.73367295
75.25750995
90.41929153
73.45317486
72.42326058
76.08031053
91.85076523
83.99378705
81.4026184
74.53904631
89.32913057
79.76802125
76.14723267
72.91639226
72.59240112
86.5366103
86.40686587
77.68001868
84.25277265
82.49315469
79.37801632
70.09635714