Pattern Type: Normal
Dataset ID: 23
88.17761303
77.50963877
89.69258789
81.95921449
74.31021014
88.30588593
80.29440918
78.14541248
80.84802514
77.46086802
84.481482
71.82325984
80.58506639
81.60608454
85.4493577
80.79969524
83.30755393
83.87673738
77.97444199
79.57942492
80.36744562
72.86863477
74.41109419
78.34685544
86.64811824
78.58516681
70.56502088
70.35390917
90.37676175
80.34997838
76.5483312
81.7958137
71.26486969
70.33673335
91.48513938
79.89005879
81.53031836
77.76441551
75.66398652
82.75681257
90.46166856
79.17886911
84.39423944
81.66225424
80.69318368
81.7061211
77.18572105
93.50404303
72.34261057
80.52058937
66.54749655
73.04683155
77.94926068
78.25278461
82.92706217
81.62219079
76.53800196
72.45805438
79.5346033
77.45929224
77.65338233
87.52460836
70.63918997
76.55460716
79.84882778
80.96350997
74.67909671
85.07326
76.17616412
78.56155777
75.55692772
76.584203
78.21123916
85.89626077
74.82960235
80.93854468
73.61488689
80.52397032
87.68849023
78.48425211
75.04506358
75.52721662
89.66340759
77.31662319
82.22675477
68.56942427
74.70189282
72.61013328
79.16569962
87.59970378
78.33084233
85.13157745
80.93069981
80.78406044
72.31287412
76.0966219
79.9798926
74.3782175
82.60957624
77.67358351
72.05385439
85.49201625
78.47670309
77.8989822
80.37551699
78.71560219
78.70422961
76.43288966
73.76156989
75.08553957
79.01505019
76.19216266
81.67154676
79.50305346
83.38663474
79.30978297
92.4327136
79.8776708
83.23253676
79.50044202
75.88288135
82.1725585
85.99039623
78.54872279
74.42728227
89.4595767
85.52619655
72.03175174
88.55853957
83.55897626
86.49462848
79.90326536
82.81966363
80.62512283
88.26601645
81.86183682
74.77161411
78.43786247
81.78604942
83.33365994
77.44210326
80.0716604
88.25689975
70.89402138
86.33729784
81.44650563
92.64820131
84.56868728
75.32359921
79.87750124
83.96249595