Pattern Type: Normal
Dataset ID: 24
91.36552301
76.97988796
81.10536236
78.39832469
84.10401692
74.76914869
83.44341801
80.26072186
80.32289372
80.47101461
74.65777447
79.13881814
82.19798281
82.05967589
81.34078571
78.7725811
83.2906611
81.76189396
82.29907287
66.75920003
76.7091781
78.88327967
85.29427021
70.71783791
80.80706093
71.40749457
86.11198211
81.24819105
83.92342506
85.67335312
89.25147637
85.89277716
83.95548794
78.00741197
81.18760401
91.39636134
77.20283411
81.41696138
82.607687
87.21808145
78.78740332
74.20242218
76.01216708
81.56872047
78.30306605
85.78102926
72.63543592
78.87891329
85.7807595
75.65950503
79.91246907
77.77223921
82.33805184
75.99130518
87.12477535
80.19925343
72.97647937
83.07460441
83.75272191
80.07351068
76.33388809
79.74082489
73.35143973
85.32406758
83.05008535
75.07445795
70.2526721
82.76439413
76.60112527
80.89650282
76.53349505
87.89531404
74.69501008
75.95020268
78.63995308
79.46422132
78.85814547
86.45153188
74.18416752
78.3613913
78.70522548
82.3151492
88.55956447
73.19169925
83.55737259
89.97425244
86.49178025
83.44190026
92.32436255
76.1225405
75.47919946
79.391911
90.61636123
79.38282003
72.98914287
80.06979889
78.40427164
82.26445663
73.92355755
83.68859029
81.11377284
86.48323761
85.9290839
83.42227449
81.17926579
86.39002316
80.88669637
78.2237604
71.86313625
85.8588935
80.23331987
85.09571854
84.38640233
83.31956777
71.45585945
74.62890714
83.09439136
76.08102284
83.65037259
77.15841148
75.92463897
74.15440381
85.9728872
78.14408618
86.59599905
76.92499349
78.75558925
82.2290629
75.9905132
73.36293323
77.51657901
74.42561495
84.65312929
76.09588372
81.9215449
78.28963127
85.63546969
86.14184341
83.49555484
74.97558246
79.22941784
79.94595204
73.39394089
69.99332321
72.20000854
77.59285852
70.71396918
80.43862118
78.94203142
77.47282964
77.79061847