Pattern Type: Normal
Dataset ID: 25
73.29241402
81.12279258
76.3010883
85.16943517
70.90972387
71.76174484
82.9933024
78.30757259
84.48628841
70.57965075
81.54846856
79.10047315
78.47848895
84.17319481
78.24784603
73.05868407
86.29125468
85.07912983
84.73202256
78.85800268
83.15389376
81.68113968
76.39010195
83.80637435
75.71561223
80.97406611
79.89273661
72.72781766
88.13536224
74.8244863
82.47729664
76.71833528
82.85281338
86.1249156
83.83108172
78.50975847
82.25931961
89.53193646
83.70931206
72.08000305
82.39335229
79.29005802
82.0859257
89.12559134
64.82959231
69.63929085
82.11556033
85.27717346
83.4532108
80.46079993
94.14089868
74.62068105
81.09811801
79.54744406
93.45684916
76.20954063
84.81778782
81.38431618
86.39184351
77.45162637
76.74467559
76.21706572
81.94755874
85.95321774
82.302929
83.32748743
81.05158034
77.08551785
77.07085416
86.5731786
85.48771671
84.86330639
73.99197687
77.40261391
81.54675132
83.51191629
84.26454219
89.47273459
79.60944591
77.06732646
84.03493372
72.59599126
76.82942091
85.52499327
76.31968198
85.41149002
81.31724595
83.54374354
74.62271668
85.70283449
71.44495918
77.04968743
86.12632475
77.7018559
76.98259112
75.87940306
82.71229617
72.19673887
77.8150229
80.21922166
84.88979992
74.80175092
79.41199971
84.88433586
76.60105889
83.36481534
84.62980742
82.04766068
78.94539497
90.9028151
82.18196783
80.86195047
81.86377463
70.0781315
79.08320467
84.26459461
83.42834319
85.58110981
73.34919772
71.14208794
90.02231382
70.33061007
77.7576157
75.85852864
85.19767183
76.05585327
89.54873923
78.62136392
82.98940256
84.0437342
79.68794922
83.86987944
74.57676558
74.89697336
78.11732655
82.26331529
85.515823
71.3763585
83.14683897
80.23044337
80.78398681
76.56301895
83.15612987
69.40227083
81.79001056
77.80210181
72.91132684
78.4865461
76.26019685
73.90911864
82.45938182