Pattern Type: Normal
Dataset ID: 26
85.3790907
76.9907837
78.6966745
71.68864182
75.67158081
81.53118783
75.93935739
81.26200173
80.35368895
75.93108355
75.26656261
82.5300155
76.80448526
81.22014733
76.31201481
82.69193747
86.37137833
75.14175368
85.15876315
75.09890213
82.88434898
88.13532169
85.50040742
76.74286283
70.42702812
81.33232412
82.41709053
73.6953709
81.76807106
80.43051088
78.75335416
74.25463173
81.75935504
82.64980378
76.80166022
80.15099853
77.53339383
78.49320073
74.95612114
72.11758917
84.3591368
79.76068807
77.23915681
82.42633274
69.26356748
79.56504928
74.25345272
79.06496448
81.16054795
77.9700255
75.04856736
84.15693097
80.56542077
82.49677729
81.27654372
86.96885412
81.5030228
82.7686557
81.43729432
85.07079324
86.55945887
83.76679069
76.86695664
88.25009846
84.87298133
77.45204699
78.48841213
80.76320155
84.27503184
73.22590651
74.1589653
78.85114794
79.12109419
89.45438682
75.80609793
81.88506668
80.49944969
74.32386578
72.04420689
77.60100114
75.56401849
80.15305824
71.67319915
80.0971977
81.38831417
76.35840535
77.96049837
81.58305647
76.54998433
73.52166953
92.40994035
80.26176133
81.7548007
78.48771463
74.44827818
78.9639341
70.44639802
84.56558662
87.48837698
84.33521739
70.40567644
81.61760362
77.18138903
81.81218219
80.23293522
78.2698868
76.45502786
80.87480886
81.7796784
85.36230467
82.59009
76.93823513
78.55680204
84.01126447
78.1520893
77.90927225
84.44612012
69.97379941
81.08732839
79.76330246
77.06486498
82.52814254
87.00413852
83.37594631
86.15731594
73.57417082
85.76343778
72.53939528
82.36641558
77.58397699
78.43900707
92.99810271
81.11957923
85.6375377
84.53803929
79.39182242
80.74148152
85.98315369
77.10538896
79.84774638
70.39679793
72.20131973
76.75242426
78.50450844
75.67705388
76.80582678
88.32575015
81.05408796
86.3729075
78.4183942
79.89371056