Pattern Type: Normal
Dataset ID: 27
83.04909278
86.75005537
85.26046074
73.45092051
73.57673058
89.80216471
85.64026538
80.20611878
78.86406024
82.15100404
84.23072205
89.54699452
87.73186169
82.79543967
77.75025684
85.06100247
79.66286621
79.39387364
75.98348585
80.68801638
82.12921556
74.69452235
80.95081057
78.58748317
90.67619293
84.51622773
86.92986555
78.92013494
79.02360317
76.02199541
85.99446499
87.16070191
82.72307549
81.86929815
74.90613776
82.60331641
77.07444183
73.66218644
81.01692765
84.60759
76.77993148
82.83058266
79.31917765
71.65080183
90.09667502
82.15122712
81.19568705
67.82156815
78.75516924
82.08899164
88.49556075
78.23978137
69.94869861
77.39133339
78.18120376
80.75801731
76.13296514
89.64976017
83.70226398
69.99852358
83.11958287
84.29136087
77.3799692
88.19490171
82.86499922
67.23851066
76.7007287
80.25111435
86.55247553
83.34941441
78.21462854
80.13187258
75.30118965
77.07229775
76.43836947
80.99909555
82.77435022
74.73967666
70.07879954
72.60116033
70.92801124
81.78473936
83.98199212
91.9337942
76.73419406
79.40939463
75.31124332
83.04251005
73.29499472
78.2185542
84.80304023
89.17407385
84.67638839
84.76840055
76.68732947
82.92735129
80.12656377
80.7588005
75.61311534
80.84205365
88.93550853
77.07601794
79.89111285
84.38822827
74.06949779
82.30285508
81.48341696
77.24614988
77.68431522
80.6166888
77.0863116
82.38425429
70.00563544
73.13173119
81.79674909
76.34796868
77.26371777
75.73024644
76.41961715
85.31052231
83.33917666
86.70172672
77.88187809
78.40696652
75.52957247
81.5116382
82.62370957
78.67106254
81.37224239
78.7585197
80.7350663
76.35880558
79.47521005
83.17616097
83.10127878
77.13559553
86.52917941
84.30311106
79.26867162
76.15332647
77.05122831
82.50991468
79.45003504
77.27171959
84.59868825
71.51220714
85.75249005
80.69604802
76.67280336
75.84519863
80.39015307