Pattern Type: Normal
Dataset ID: 28
78.80282025
79.79595911
77.11890985
82.52617215
81.08120881
77.89075774
83.91324562
78.88460151
72.40646504
81.12134175
81.29207918
78.23075159
83.60668482
92.19128446
83.00238175
78.27120572
79.78485898
76.97196072
86.06162664
88.52658173
83.9299343
70.89926632
76.45140405
87.95563201
83.57705095
77.39176018
76.73962904
77.23002299
77.40597302
78.66415828
79.01667514
87.47916105
80.81313396
78.39583678
82.41154666
76.88336699
72.4945756
67.96378543
84.59200567
77.77201566
80.51156015
73.59023506
71.33676908
81.24622086
80.91316156
78.02465794
85.40151579
76.47597523
73.40697946
79.28635096
81.56459439
70.66282697
74.33938811
82.19990626
79.55454793
77.66085233
75.39770312
84.1330455
88.14058232
74.17955285
74.76850545
77.67290858
83.82504055
78.98123173
74.78463775
72.03812621
63.66826664
80.27155812
86.83808064
81.12830144
78.11998824
83.04187692
78.62578044
87.41944242
83.10178873
75.5589496
77.54260718
69.97723017
80.00436459
81.97855873
80.46253884
77.67580589
76.35999856
78.19114641
72.50790903
87.33842987
84.73040242
79.57091987
84.83462056
73.79019163
80.94770856
81.91859771
87.69339048
70.77492198
83.98239464
77.69113045
85.9174722
80.58641199
86.70950531
86.93382031
81.94576193
83.90434676
86.87099537
85.79689173
83.05948744
81.37629285
81.68141887
73.94150496
84.96102277
79.89215726
79.21448229
76.87745667
89.29117438
81.77870772
79.22540719
76.91046335
75.71862454
85.93339518
89.16680062
90.3540117
71.60440015
78.21289247
78.22101374
73.20422133
78.46783129
83.02314515
75.24559776
75.60893357
89.11818874
80.7560506
82.92290193
81.88360271
86.34266345
81.10455073
78.29976413
74.22223026
81.94193219
70.67617316
83.81874883
77.79199183
80.65855195
71.30524616
78.80396552
82.44618973
75.73398629
77.42751538
75.69480998
76.19234234
78.27167906
79.85535368
82.29148574