Pattern Type: Normal
Dataset ID: 29
77.63296021
79.6340022
80.95982506
76.19495035
81.54579019
81.84952735
84.79063486
77.34827711
78.31472868
74.72418914
77.47452588
81.13320384
89.11462022
88.06029778
90.27326035
84.32708488
86.79299671
82.12685367
93.95741135
83.85468092
87.5525099
84.47342093
81.96317366
87.17047307
75.49504569
72.42446168
81.32548847
80.63006168
78.64031152
75.32224611
85.11960823
85.71532162
82.11711726
76.36155134
82.62372915
81.75347633
79.8789462
75.86127503
80.68251409
83.63222007
84.23047664
84.2068306
76.61393134
82.90949671
82.37484549
77.81159689
81.14372168
72.52388551
73.94147475
82.52152408
78.71057378
74.19447851
70.02078306
81.15713642
80.96092683
82.86916446
82.77576566
67.84486308
93.15203125
77.52609776
76.17938748
84.97107791
83.19639645
76.84450294
80.38013164
79.04574275
73.61261297
83.05766746
84.88775621
72.44869898
78.4712696
66.6097206
72.46135579
80.73811473
79.47337443
82.97244854
75.72658906
78.58471636
74.83047506
83.07792069
78.29154595
82.14988334
77.08403216
81.59719037
70.46033115
82.67185299
93.49534817
81.98257121
73.52773224
79.32157
83.88610446
79.61920895
80.99795504
76.22993294
75.4913285
80.96612862
79.47939349
91.57052403
72.47169866
76.97975628
83.55058831
72.95973977
72.52430491
86.76043184
79.23426357
67.27778078
77.66513696
82.07087568
72.1210748
78.19481245
69.10464539
87.35080336
83.67085932
77.43652593
78.70661754
77.17375061
78.55822789
84.52860456
85.73485806
73.94051727
78.92558878
83.49113495
67.56319543
88.34314625
88.15484606
81.04593269
79.71357651
81.1464302
78.76342215
75.52763403
80.56858428
85.97636416
85.28577402
75.3225576
90.36581853
80.33476984
80.54780492
82.31409027
82.86629039
90.80097563
88.97102804
82.82236527
81.95129924
70.1424029
83.47386743
77.12620989
74.31077812
83.39964316
81.98693172
81.86426619
79.5545218