Pattern Type: Normal
Dataset ID: 3
82.59256819
75.72584486
77.00492137
84.94086936
78.70428251
86.07990233
81.17740798
74.11585407
86.52532246
85.33650222
75.26899303
69.93211688
79.15085294
80.10396735
80.87405439
74.26205389
81.7661195
83.37890925
79.49365907
80.24538666
75.50309182
88.9676967
75.95108296
83.75347075
79.29283399
81.10767926
80.90656918
86.62135652
76.81611152
75.17717432
82.86605347
80.9421645
83.58016799
73.3981893
83.59598873
74.49111088
82.55377824
70.4235808
74.90859225
74.87424745
82.420452
87.20180224
81.6768828
84.13950111
82.72838171
74.9588098
82.38141955
84.70484801
77.70212828
79.73168801
79.24425888
83.23805107
79.74092875
77.31734602
85.35276673
72.18626308
70.20060172
74.11437664
85.45195919
77.28365601
78.48714132
81.79440506
82.92962468
76.42908731
81.18185894
76.14751378
85.42905489
79.10712355
90.52050782
80.90768704
85.11962839
74.13511074
76.3158722
83.29049903
83.385479
83.70617711
83.36665325
73.90083471
75.84172867
77.23350382
82.43674918
78.85903806
90.68710748
79.0870688
82.1601373
77.87825032
94.31963017
81.46634379
84.57624234
84.38775764
85.12390497
86.0182903
78.81256875
70.33769531
78.02780094
80.70532209
82.20974075
76.83760109
77.28387723
78.34173175
91.29789337
74.34052981
82.85974191
76.39623266
81.38980383
81.18352409
77.22532071
85.42411571
82.63678912
93.58216253
77.0690169
86.56401783
80.32715156
72.74908476
73.61469419
85.18832258
81.01400162
78.30477973
80.46479294
95.24308408
81.61251296
87.57287688
79.42977013
82.22188745
85.32452263
77.26459997
78.23094222
84.36944332
83.00126385
71.85754199
88.34910892
80.81155781
81.84360998
85.75649719
71.64911563
85.60947524
84.76082414
82.82076851
80.28956097
73.18973194
70.16992606
84.85664631
82.52268363
79.10109453
74.60817338
79.30157351
77.24366746
75.55024179
73.38452059
75.99036967
80.69513112