Pattern Type: Normal
Dataset ID: 30
71.59820849
83.87931952
80.46635957
75.42276002
83.73381472
75.02215447
89.6008721
79.37080029
80.07132596
68.41216315
84.47491166
76.35179327
81.93134063
79.58578224
67.73703199
76.10998398
78.73262491
79.0846674
80.44341726
66.80968623
78.05584103
81.2710772
68.99185039
81.47449067
73.62056381
78.68551937
79.34462887
85.07880418
88.60944963
81.34908972
80.75711699
69.4051014
84.88357234
84.95956183
78.31439566
74.03430075
79.53985627
70.31486686
79.46281322
78.98555376
79.86852466
82.59701845
79.57992519
78.61893528
77.50988192
84.52526699
78.61219207
71.70316475
83.77679305
90.55283326
76.44029395
86.278463
77.01362054
85.1272865
82.19073629
84.99943314
85.62054877
77.05816092
81.33526134
75.99959813
85.77056761
78.67889929
76.39492599
81.36333429
93.29559109
82.99656288
64.96757948
80.25891785
81.10154885
85.84666856
75.93944412
77.23598468
78.49233509
88.5257605
80.96717517
74.3068593
76.65764435
82.17445624
82.04270811
74.4390294
73.74366831
76.19198159
76.35204739
74.19684806
76.25953321
65.80644464
86.03287818
71.45087693
73.27273902
75.66679181
81.32790341
73.34602057
78.04319023
70.28122997
77.69742152
84.5530946
92.58710041
85.8600538
71.15407715
88.69274643
81.22936164
82.32838309
85.63657581
72.96236039
78.89472728
70.13023702
73.9785679
92.81320434
73.65820886
73.97417176
82.25811367
79.18588576
85.98097536
76.31779917
82.05722529
89.02447576
78.21985805
76.49118256
67.22560019
79.72174079
78.56792099
86.23661123
81.69221319
77.23906529
79.5489061
75.45332982
78.9818808
87.66629161
75.43491071
81.71834843
87.16820986
81.81551505
78.70829585
82.21239973
84.30497135
80.34249728
79.91571194
77.93925875
85.05225066
74.45402069
82.04523591
79.82018452
92.41662335
83.35834731
75.85963628
76.33077236
79.34085529
72.37124164
84.94474196
82.80377274
83.55764531