Pattern Type: Normal
Dataset ID: 31
81.34597158
75.88051803
76.72975314
86.81906386
77.89958813
73.13259238
78.68052671
62.76068499
94.10445497
80.65124031
77.05417776
74.2582809
73.4016856
74.73650941
83.75639159
75.19803914
78.44616909
75.39405729
78.00540016
82.24728825
77.09748928
80.7937223
77.3329755
83.90885556
78.10620127
82.37723803
83.64267441
74.73852576
74.24553647
74.1676019
75.36200469
85.75953838
88.68437068
80.31479746
86.05195904
82.75274193
87.46134516
74.55799704
79.85678247
80.33629369
83.36451347
79.85091596
85.25070291
81.32577613
74.0132749
82.63746952
80.7030353
86.03293936
82.31887468
84.02782737
76.19514785
83.78922333
77.48199409
88.98077667
68.30614874
89.39821812
83.94136946
76.05929577
81.54930094
70.7695628
81.81839757
84.42236806
78.71885838
83.164258
78.57099455
80.73790837
78.20129698
79.18025624
87.80386419
78.48452363
86.02585505
80.53779763
70.04582901
80.78360712
81.44457538
81.01996092
84.35982077
69.62868094
81.46329232
71.74530529
81.79098713
83.85907426
81.31557196
66.41846155
67.82533908
82.61042841
87.58160534
85.31623293
78.30544013
83.7730815
78.74378755
80.13880227
70.11650751
83.29422994
83.6445761
91.63793677
78.95635479
72.49744468
89.32688801
76.20872353
79.37596173
80.82643463
76.64346968
70.33049346
82.16646719
81.84799257
79.65283868
79.29898682
85.32007076
80.88466842
79.30649003
78.41132415
76.83682052
87.73223067
85.79984666
91.40530382
75.11549423
84.11778698
77.38981577
80.40748718
79.04236777
74.42223708
84.16832823
81.77201358
81.84673769
73.38567857
87.31429131
77.86032615
73.0918875
76.33614202
80.70363118
71.95403157
82.27909487
82.86994516
81.87174297
83.45325931
80.3477904
79.28036855
86.19152164
77.11778761
76.05288177
71.61560891
69.94451381
80.33423811
83.4789198
87.7091338
79.86851441
76.26531383
76.65570138
80.09195639
87.50155119