Pattern Type: Normal
Dataset ID: 32
77.72608132
82.81084505
82.4262658
73.57300222
77.56667543
76.80872424
83.70085435
77.52462588
75.85311337
84.40864234
72.65399264
75.55610396
88.19715815
82.20061061
88.69219918
80.68240153
78.78608797
81.43996185
83.13203555
70.27818856
79.49797349
79.02109945
77.00285442
74.45417986
81.02564252
80.01764122
73.97791445
89.74450363
82.01386327
68.96777069
65.80891273
78.31068767
66.39890433
82.31325902
76.72161083
78.45169551
84.76164773
76.26109784
77.01619567
90.23313953
82.44634768
81.81984487
73.67184692
90.97759589
82.19264121
90.40924604
81.48546272
76.55018978
85.54521382
82.08063804
83.92256819
79.75215903
77.81881697
75.09376298
89.5321883
73.83319944
83.63786285
73.74911791
86.04651977
74.70948127
89.43439965
78.66666903
81.21528763
85.06653843
81.16492889
81.94078638
81.01085877
74.11525709
82.30880371
76.13232854
82.55354221
82.94060095
77.62358866
74.32783275
78.12405166
82.9644076
87.83058598
81.30176662
62.16884009
68.32596295
75.34995006
82.72245935
78.39956217
78.84150643
84.75195042
82.2041744
75.26018269
78.41752845
76.80719682
80.17241708
76.24689037
77.4354899
79.52027801
76.32926561
84.1900799
81.2647788
84.86299797
88.32075997
77.07522772
73.79564111
75.21219348
70.64803633
83.97046783
79.42862583
85.17478814
79.6737729
83.48646984
78.50825529
78.08972939
84.20194568
80.81681409
75.87835216
74.94354428
78.4399258
76.74597652
74.05266402
85.27889319
76.92096227
78.58288208
79.78875018
76.11591308
78.46986006
77.45806894
83.08953546
82.86936727
78.71474382
85.64062274
78.93031297
87.32443699
76.01334862
76.91873635
78.7742557
76.38653134
83.05243599
79.49434955
80.01174803
80.44156152
84.31736319
77.75441869
78.91940435
86.76865125
78.37443309
74.7892582
85.90766688
78.87251622
73.36889166
76.3921027
72.11236852
79.43864115
73.84395239
78.99792847