Pattern Type: Normal
Dataset ID: 33
77.43087984
83.05522767
81.23080044
85.56641455
70.29616293
76.96353844
88.37345213
76.77655987
86.8608462
85.22799898
77.73751642
87.46939992
79.25384618
80.03129736
87.1138792
80.15156846
81.30926055
75.32796641
70.65286551
75.07333549
71.07904356
80.33647583
81.30124332
77.84445973
82.3491279
80.8108556
86.1855576
90.16112156
81.43395909
84.09863455
76.98445129
73.59450759
83.0329634
84.99713662
76.50622323
80.04939708
81.07776295
81.03504762
84.19630367
75.83679028
84.48465053
77.11712151
89.12667547
72.72932773
79.06038147
82.24567954
78.7620095
78.15221151
90.07997848
88.34250176
75.46748843
70.16095971
77.18540759
76.45421098
85.03935784
77.45461934
80.86939364
79.54446071
83.50294275
86.16174758
90.95881738
84.01824953
82.09142978
82.91684123
66.60121022
80.26100365
77.52277751
81.42234052
75.75733796
81.81326307
78.27598058
69.36252905
93.34645946
80.01288782
85.7070624
79.66985969
74.46538766
79.17918519
72.2946218
74.56171833
78.86268005
78.20052094
77.44484705
76.67258159
81.84557763
84.00585564
78.13249222
82.608584
87.98375382
74.10827504
84.02162785
80.8847505
85.1493574
87.01056317
84.97608338
80.28013323
77.45203506
83.3831921
76.56613008
79.85827218
92.35640874
81.26836413
77.4311162
74.81220724
82.44185959
75.44639919
75.43809473
73.11790344
77.93037151
82.09978547
79.50565644
73.00999914
85.22570471
82.04417842
83.89813195
71.25922923
73.95875012
74.74691645
82.63318397
74.20864451
83.72822676
81.45574766
69.63043291
75.55011714
72.93936901
83.35167064
79.07888849
86.22654806
78.53270544
80.34548684
68.63132714
86.01731618
76.43864592
79.23964922
74.04365054
80.66174143
78.41139528
84.97358177
78.95149269
77.09982226
79.07329353
78.30504152
77.70988158
78.33913272
83.61433309
76.8301824
71.0032002
84.72292839
81.07441947
76.82990247
79.32983711