Pattern Type: Normal
Dataset ID: 34
81.06908538
83.17537906
75.93703542
72.7091892
82.93135055
91.70578329
71.61926893
85.23093656
85.84497622
84.28884314
74.32926185
74.71547627
78.64311155
76.15749113
78.53287842
86.12289267
74.8147055
77.61130989
80.11619167
81.45161028
84.0758196
80.12098957
81.58731079
74.51476744
85.55094009
85.30746488
82.28074876
79.21372941
84.32066109
78.09799783
77.32729216
87.31186617
76.77393557
83.36677707
85.70841857
87.489272
84.56832807
78.29411047
78.80684687
79.45948011
84.12348047
84.47440255
79.89419431
79.83047847
73.4285808
68.617803
83.70102295
77.39130118
83.9751267
91.32955548
81.62410251
77.28651198
78.58653196
79.26391375
80.44426327
84.64158463
77.60902235
96.84791857
79.66523016
77.91158674
67.77616092
87.2294467
76.40476831
79.77610014
77.39798152
78.6393503
81.23908779
81.03585026
78.12009192
80.30149669
81.31294949
70.07738424
86.16465613
85.35448295
81.28661163
80.41817254
79.08925657
88.8420646
83.62894302
86.90097695
79.28402985
79.86698712
78.99107844
84.31665103
82.5714806
77.18570339
87.6498315
83.80655265
79.90706245
77.89733336
81.1065479
79.06586035
84.43320716
78.24630562
70.36387656
78.0410431
79.8733218
82.4862601
75.51371903
81.12982821
72.23925071
83.41721048
80.66991031
77.55271793
87.1358725
80.64246668
78.64865993
76.1023143
76.12998527
77.71944445
73.54366039
82.05034307
81.64491316
80.10765923
79.92980208
82.96309461
81.00847459
80.00310788
77.4098909
79.49377961
85.06570659
73.01216821
83.20334226
75.12842874
81.07004983
81.61609576
75.45953499
75.25483876
76.79530745
78.75487403
73.88441131
78.24678394
78.32232419
83.76901337
80.57738178
72.74174206
81.06800038
81.53192526
88.69512183
92.32229876
85.06866087
88.01875976
81.9462442
81.21941469
77.16434868
77.77212632
79.21005802
78.35653116
83.36604877
78.55531933
74.1438945