Pattern Type: Normal
Dataset ID: 35
85.0952075
69.42246973
83.72846694
73.0001135
82.48822052
93.00862774
80.90522506
80.10948778
80.8349874
78.02944766
77.78240619
87.92365856
80.49215077
76.7457846
87.1942355
80.0222968
75.46467503
80.97353922
83.47659418
82.2808389
82.7911416
82.79029577
74.79677763
79.58781938
80.30174573
81.32599612
78.7691769
79.37074263
82.94389781
75.44871969
79.84854392
78.66833665
82.67647658
83.61533253
71.90173804
78.42511655
66.24287276
81.6255749
73.54097375
73.65151776
82.92449272
84.93225776
82.36010572
69.40681902
81.43157232
79.89298024
73.21408
75.38684185
76.72532818
67.88028712
80.10541595
73.92364243
81.23375887
83.6427664
82.40106498
86.96865535
72.94961881
79.85327271
76.95589481
82.96499303
69.21272352
72.52326511
83.60872749
81.82687929
80.9582238
84.82101171
74.61183612
74.42282292
85.36711873
73.84746069
78.58170377
83.96311028
70.81221104
76.12135031
82.9313553
82.92297367
80.13103897
77.01907191
69.68686179
83.46982106
71.56055689
82.04048955
80.4447349
76.32906104
80.20138994
83.52053275
74.54022865
81.18816244
76.54095714
82.03676217
77.0836
76.80346932
79.1828517
81.46929264
82.3031916
79.3042702
79.13276772
75.79897881
81.3876463
72.14589346
72.61604472
76.7805184
76.25690821
81.62498583
74.6633818
85.36327659
79.16399724
79.23805178
80.41872936
81.21035866
81.66682243
87.41490278
84.38602951
76.81802046
73.60338488
84.71693339
76.59883397
78.64023671
84.48303555
79.49911064
74.69339271
76.68472888
73.01766088
69.89761821
71.27842639
77.3433279
73.10313006
84.84195726
80.25444498
88.40380595
64.35716226
68.43980016
81.53560594
84.3782236
77.59622171
85.90044411
79.51403882
77.45624033
81.59286455
82.94892269
79.56033589
74.21817621
86.37765749
77.2079726
92.45263066
76.92234706
82.20451142
80.43656069
75.6132107
81.74574649
75.27506636