Pattern Type: Normal
Dataset ID: 36
79.67125642
79.67896881
82.50915264
76.80493066
68.67673789
81.60319064
82.38379664
87.95030216
84.88675271
85.33474895
84.8642341
89.50311686
70.85741955
87.72177573
82.43600176
79.14290474
70.59087838
87.72995926
79.79428914
69.88844147
77.568281
74.62435655
81.44004384
80.59039804
81.24377989
78.95217618
77.00326384
76.62081256
78.88473839
76.67950173
83.96781697
73.69617519
80.61466995
78.63009987
76.3936007
85.81663634
81.42347979
93.54659027
74.58947749
86.81567226
74.14387345
83.7689758
78.56738212
77.52720144
82.81525046
75.06337575
75.38488772
80.80548957
79.08898596
83.60294838
86.40126091
74.48557863
73.42696039
79.75717889
77.06679718
82.98648347
84.90110747
86.22992441
80.79845925
84.74189569
70.96584504
84.88717239
79.8716785
76.33327268
90.99918107
80.47998959
85.652753
80.18917438
79.35411937
73.33002145
90.62557996
90.67439329
83.01144924
75.29201786
82.79682065
76.63565482
78.65403715
86.14140012
80.10243421
75.38108314
81.58937316
83.02714693
76.59551452
83.91516104
76.30974443
94.36536983
88.6107147
83.18312971
90.25325884
79.89039718
78.65932002
81.81442905
75.10395079
89.33997793
82.09507484
74.57408206
78.16262485
87.71772063
92.95455269
69.16192613
78.88051445
80.75572043
76.6603591
89.52536723
75.43318181
78.72134951
83.20142244
79.7890554
72.35347553
78.20587044
74.94387059
85.36622341
88.22365364
84.41020383
85.79349647
78.39377888
77.77681874
79.0404604
86.54644834
82.16234596
79.01704581
75.27495045
75.56365951
82.74426615
88.46214885
75.80026946
79.60948798
75.62037658
80.7311025
83.29687786
82.72850325
86.51962041
70.86232456
83.85814723
81.20130817
78.62311236
68.12451225
73.93156418
71.86176277
80.22148462
83.92227975
87.19319684
81.26406534
78.4777401
91.75832101
83.44196599
77.59048374
71.77566376
77.90322233
70.1918649
80.01264624