Pattern Type: Normal
Dataset ID: 37
80.32945409
77.35078978
84.78241863
80.81738391
82.04848177
81.55664907
76.50922256
79.12425179
73.34562542
81.96794874
79.97842317
85.85392059
80.01336289
81.69585842
72.89185922
80.51078854
79.84328871
80.84014091
73.05818989
78.61563783
87.07809754
78.88261482
80.68355888
78.85171606
86.93646055
78.41994797
67.2275534
70.82377165
86.15033136
76.86140132
82.81466096
77.91520278
79.33225007
73.29549792
81.64736611
70.60211926
80.60747919
77.16265784
83.24274024
76.704996
77.06686966
78.70941227
90.18794203
86.96483098
87.35166587
94.21394434
90.139839
74.22009763
81.23641601
83.52808288
74.04074791
75.63515288
77.07849317
77.64763756
84.38208995
78.75294082
78.83980059
72.30136936
86.67159179
76.31171252
89.28471718
80.47904804
81.6764908
77.14433801
78.94035055
82.84807652
78.36864775
77.69664608
80.25777653
71.69427812
71.70676673
79.8251514
80.00190818
78.4232552
67.088512
82.76566553
76.48651232
73.37727603
83.93387159
72.88279971
73.20130309
77.12812522
82.04662035
83.96996816
77.7115003
84.33506784
81.77717863
83.39340361
76.99386767
92.2159327
88.43203872
76.49207369
84.78742891
79.31811633
81.82703811
76.08168539
84.35196746
81.52783139
75.66181737
77.28829082
90.79166347
78.00440871
78.08773456
83.72820136
80.59458317
80.07287309
77.35981336
80.79928977
75.73258737
78.03910391
80.3587191
77.80290912
84.21381856
80.35575943
78.47991226
71.30407934
85.49522055
89.82115022
80.38378158
72.91518713
87.7830054
83.49280674
82.4902189
68.55861104
79.26290131
80.06653558
82.07109468
72.53995413
76.55227926
77.63435556
80.63584112
79.42510144
72.42148655
78.01602995
82.1187092
76.9378794
82.80703693
83.88140346
80.36491425
88.32226017
73.28142352
81.72554368
78.00546331
80.19469046
81.94005802
91.26425548
84.98858952
72.26634237
82.40516729
76.7860171
87.61265488