Pattern Type: Normal
Dataset ID: 38
76.63357641
86.92405286
88.20762449
78.64613389
88.57429942
72.62147998
83.43348913
74.73617563
84.83137347
78.25749391
81.1757276
82.23683515
89.14045524
81.56095819
77.83201971
78.85500768
83.0304568
72.50081444
83.82724508
78.93331932
82.8789251
72.94391713
85.24052028
76.24705084
78.65469572
77.15141068
75.9971123
71.77373885
80.04701884
82.48508718
86.25971489
79.54724523
88.20945788
78.52184993
79.92261863
73.87352628
81.72567538
74.17775098
77.14212051
84.41837976
81.19163092
86.57408862
68.25922241
77.69737982
81.70512589
77.65731834
81.57158236
73.33437746
77.70815274
83.40351831
75.6522901
82.46422206
83.67909199
84.80545678
89.46486774
80.18010321
81.67875446
72.79335502
74.58839265
82.65509567
85.43860352
82.08977575
81.46765528
85.33455013
78.43694243
88.45136383
84.18261008
76.83033231
78.91905785
84.81222519
84.6788283
85.54402858
77.8035135
76.29885586
80.82582734
76.91527747
82.07585297
89.19666613
76.97536002
75.13193348
82.66433253
73.72668878
79.63980701
73.67329356
83.44388484
78.39454228
88.58607681
86.86698261
83.59802608
81.80453614
77.85422979
80.49416252
78.48550138
87.11551361
87.60600647
81.46120527
88.45921738
79.06821689
81.7989041
78.24871643
84.9082334
84.72158527
81.78894534
87.21016768
75.20191676
84.26654268
79.08895949
82.42823271
90.07350976
84.47744556
80.55316752
80.83107056
82.86294075
78.83114319
88.68768121
76.63139264
73.90087914
77.49353438
75.93567456
82.62349845
75.33361573
77.57668393
85.45628725
77.00955367
76.29806869
89.4206205
87.49351181
86.77060964
72.74699815
87.20711207
75.32842322
74.52585543
79.38657915
83.34307018
76.59104605
79.7816939
92.08754401
82.77094887
66.44132269
63.24375527
74.843466
79.43752349
73.46688564
88.27530433
82.56013894
80.7378036
71.634705
84.02383681
79.66018785
85.20157464
79.41446632