Pattern Type: Normal
Dataset ID: 39
74.17153449
77.08900601
74.34705299
75.91339032
83.53204719
67.8144531
82.01716515
79.52483043
72.56625167
81.92708608
77.01344422
77.58685876
79.47055172
74.42771479
78.79109458
79.06580202
80.90800702
83.77531503
81.90088805
71.78039503
90.5358383
77.9198703
73.92060547
76.73533592
77.37235275
82.406298
77.57752068
78.77614992
74.27091057
87.46662217
87.10471683
77.93785147
74.84444404
82.15341134
82.63443515
82.32029587
84.76973668
69.1231046
75.32528407
78.55411089
79.02302609
79.44747129
75.84632802
83.11793123
85.49684413
82.17895927
75.94839361
86.73715802
79.27636857
83.70293951
78.99118532
75.54791154
81.90086317
70.50116106
77.22421332
82.83058186
73.71952923
75.41097314
83.82055067
78.70811863
76.23774164
90.86098177
77.64579961
89.60525362
86.25703605
81.13898198
77.13418728
77.65854123
85.45724052
76.51822154
82.36657752
76.36413874
74.30278647
73.63874763
79.68441703
81.39127031
80.75883581
84.49233148
77.92942148
78.27163689
82.61276988
78.46689856
79.81845365
78.1134067
71.89837709
80.18281828
85.68130563
76.44567663
82.00243023
82.86765464
82.17630436
72.50567435
84.68383605
77.77993923
78.11588189
81.98508911
82.35080553
82.82519824
75.21044959
82.55169381
78.45333881
76.94917518
81.61266815
80.82454952
80.66281164
77.4642597
85.91239157
80.81976736
85.63039223
83.66331608
82.49610804
89.83484516
79.45320543
79.65247243
83.94946697
71.22405061
79.77346571
83.81356609
78.1340007
73.68142646
84.89027794
74.17645084
75.22423537
79.84980584
73.90923726
77.72692598
81.07544342
81.30474404
78.30587607
92.54297921
85.43752763
83.30404335
78.0601405
78.76206084
78.58501057
77.65398145
75.14975482
84.0847913
81.53126737
73.63330965
82.40800067
81.39301307
76.58160166
81.26682903
76.43819534
78.45343101
75.8080784
88.15462743
86.71606817
83.60695759
82.03330774