Pattern Type: Normal
Dataset ID: 4
73.35228557
79.04218793
81.29829392
78.82785043
81.57933536
77.56269796
71.36752274
83.23411954
76.70282808
88.48537088
83.19226964
80.79320918
75.53128394
81.83725999
67.8037456
76.58907728
84.12689732
74.92295233
87.25528374
85.67200309
74.53138734
84.54255489
78.25977147
83.31839287
78.47054673
84.75735647
78.38010129
73.34676675
76.67496336
91.63193771
82.43870893
77.34778227
77.09428989
79.86526957
71.46317795
82.18929136
89.00024762
79.73721287
84.63614128
79.36039263
78.13614228
89.31735189
77.86602753
86.09917521
78.77780164
81.3878792
84.57738916
80.06097876
70.63249769
74.85679856
61.09189736
76.80142108
79.17467297
81.44150485
82.11913507
71.23585256
73.45785525
92.15933949
80.31676979
76.86658287
65.39350012
78.1597962
76.09270409
81.9250622
73.96663821
80.70757239
75.80529292
80.80317382
87.14722626
79.41070434
78.08924097
80.00849366
79.05167119
82.01931453
71.34742843
75.45324113
76.28628049
82.53889928
76.13710258
92.74540668
77.19464743
72.02473167
83.53561813
73.3881421
78.97244778
83.17687372
73.53931672
86.2199165
77.45519262
81.76136304
72.06809479
76.80317989
82.55202723
88.3510518
72.96658209
78.0576887
89.08891125
85.32217016
83.70184145
84.1352884
86.79007446
75.38695928
76.79725719
73.1441133
83.94446279
80.2350814
88.85740925
84.07844396
82.7904153
74.0014732
80.76669207
84.38554969
89.64683833
83.85563935
77.9574359
78.6343304
76.22064208
72.00297076
81.7193145
78.90177879
80.7962653
83.88990028
81.92852988
81.78889841
84.6583533
81.22445047
81.48970871
85.88109214
77.11954901
81.70054637
80.33516408
83.47918046
80.77920496
84.19330651
79.05935399
86.88962941
74.89800382
82.82396847
86.26033628
89.19858698
71.09657907
88.67022168
82.04423451
81.91259433
76.34656736
74.56051704
70.54608686
79.51359719
80.06687917
77.17233351
73.19600225