Pattern Type: Normal
Dataset ID: 40
80.02353121
81.85327726
67.55776586
78.34404663
83.0597925
74.68429804
76.5481475
81.76251988
79.91322164
87.96690216
76.37089124
76.80267634
87.78851636
78.632539
71.00829199
79.11325523
90.03119628
80.76743982
84.6680374
81.74109469
85.51766989
84.24033294
74.89904563
73.94886861
73.69365195
74.19090907
79.34039796
86.41357804
82.46945066
82.76799034
79.54584856
73.11972574
68.34133814
81.91444774
72.77413581
84.32535309
81.16161166
86.28093224
78.47646844
82.42780051
75.10259519
65.12993381
73.46447766
81.30727075
80.26224659
76.52591643
87.29788265
84.73523875
78.30759705
75.85128068
82.54583801
88.83723429
85.21388044
75.46595216
83.28392065
83.71555364
81.85450724
72.68491112
73.52488382
88.82852614
90.01558887
85.72698453
76.6539187
80.66825607
70.86501026
84.08601207
73.59169291
85.47162093
76.22901969
85.70727649
77.21879598
81.61993204
88.04607434
91.99488964
88.00641291
75.27259684
77.5610877
80.35559111
78.31556041
84.20282648
82.45951686
81.52956394
81.47119568
76.15721983
79.70389617
80.85170418
81.31722116
76.55571992
84.76458088
87.85308405
79.73313074
77.00321068
72.49998074
68.76140924
73.02627682
85.96994818
81.3393358
85.1500513
79.94097303
77.89959696
82.81946328
69.34652217
81.71078447
76.27249194
77.83769367
80.49009544
83.88637224
77.16180607
81.76915801
78.53569599
85.37496545
80.33700222
76.25304752
83.15037979
79.76377067
79.38238302
93.93238068
91.54692733
76.81930237
82.50788739
87.75478586
81.62118325
82.74106507
86.5702331
79.76247363
70.36435452
84.39825228
78.77139834
82.91370977
70.09814784
75.30720066
90.07977073
81.41094435
79.21531216
83.49645616
84.75192425
74.66726008
79.21547493
74.35081153
77.18689611
80.88992588
83.31708937
87.79542081
70.71457671
82.81260866
88.46999267
83.35645953
79.3938903
80.61108231
79.77502352
72.3287904