Pattern Type: Normal
Dataset ID: 41
79.26600797
77.69099647
78.71810858
85.50983199
87.17254019
81.76646454
80.57040563
68.64932182
79.59962441
73.40185105
77.34567389
89.6678115
73.47324424
82.40248539
82.2077666
78.62951695
83.12201646
82.03027717
95.21212411
75.61346763
79.04778379
91.40803174
83.7535231
82.31083745
78.16226133
79.23917419
75.62028425
78.53873981
74.20201707
83.48762931
90.58181264
79.24827892
81.87426842
83.11293135
77.33363544
84.65712822
82.74157133
82.12331557
80.47669616
85.11862504
81.02109489
83.25900735
80.79272318
80.04754781
82.56370081
85.90885612
78.19530099
71.05354408
84.02541364
80.94306098
72.80023143
81.20624844
73.02493604
79.78927379
80.73750805
81.52506336
80.62505234
70.59469379
78.61288222
80.60046454
86.94615636
76.39366469
84.57142937
76.84916356
71.69771211
85.9588052
80.24316233
78.36025715
74.64337226
87.59781574
77.71447179
83.82545349
83.62910625
80.73048515
84.41284648
82.49957664
82.06294937
79.07975225
82.72119959
85.63034697
79.77809611
84.63657578
86.38456718
83.36116011
78.31241878
86.74797858
85.14334633
79.60056779
83.55090423
76.23606263
81.65973245
86.14536576
79.04456691
76.42384553
77.69265947
80.00440633
77.12186622
77.68282067
75.6267558
74.01125586
81.99947004
77.28914765
84.93819539
77.94413849
81.66568521
79.49763487
85.25728701
80.89138191
84.34387888
83.72414146
79.27501147
77.85312136
76.00122483
83.09733924
72.37435416
83.31988511
77.63627546
77.90450358
85.26436884
73.96731896
69.3601836
85.41662787
83.56929384
80.71886399
84.88850113
80.8512688
79.15696943
76.99309542
80.75027778
89.09794645
66.17258609
87.83297015
89.88817806
83.38238705
83.42940217
79.19094838
77.69563909
81.89694904
91.35170934
76.88551894
81.77349098
88.74132567
81.83114864
75.25609748
88.3330094
81.45353957
86.06084047
76.09924445
76.9189477
81.83678945
81.24035063