Pattern Type: Normal
Dataset ID: 42
77.70693458
77.78344287
83.54080985
86.5395406
75.93823193
81.66037181
78.62512217
77.7495296
77.30431557
75.89818042
74.13575876
81.47740509
86.75251378
79.60876613
77.67346011
87.38027678
88.48926564
81.02268623
83.75713952
86.32352519
76.1087995
77.4811631
74.60685048
75.34937276
92.40433997
78.66433394
85.70588133
78.51083616
71.38017572
86.08855009
77.87709648
87.44657283
82.03413206
77.0004991
85.34232346
76.16557441
78.77104362
74.0177212
74.81240901
75.87693213
86.38146698
83.05903085
75.43293156
68.67282584
77.66369576
68.20533629
85.08968186
79.91108976
81.4116901
87.73211453
78.02439265
77.82009793
76.76213882
89.16290445
72.90350937
80.40776675
77.30826874
82.56856834
76.45849087
80.51094187
82.70164718
86.18776164
77.0554551
83.80599959
79.6396338
80.45782987
82.19728011
74.46571909
81.06050897
83.8334478
82.641719
69.58695056
78.38871393
90.10910362
78.10356385
83.19039476
81.63356086
90.18829663
73.30694022
73.51273606
73.87145613
76.29134866
77.88828027
78.55263876
81.51186459
77.15880959
74.13416828
77.30604689
83.49709826
72.07240903
84.3550131
84.69893524
84.14682246
67.27566113
84.83337256
84.04153791
90.9959878
83.21586752
85.76759653
75.89792473
87.02413891
75.87051887
79.0609003
84.69912347
84.73645166
78.22551219
78.59774531
85.58420418
75.04997302
82.67874208
72.28000627
79.62173079
86.63990277
80.36589955
75.25196984
81.42615831
77.0904015
80.5755756
85.46790672
82.33673623
80.75281693
80.57239485
80.3035919
76.75955088
82.8413217
80.86223572
83.31880608
84.97160158
89.25339358
86.30931556
81.23142535
75.65355731
91.6615361
78.1082946
81.32300676
79.46381046
76.391719
74.8294544
92.57976633
81.59618871
79.98980386
78.80447876
87.46348016
75.94879601
79.05176373
78.04108499
78.96402244
84.20220336
77.22244565
80.46256709
73.54766697