Pattern Type: Normal
Dataset ID: 43
78.89142358
79.78304282
87.73003007
83.28779894
83.92865142
83.56206785
73.4714643
74.52078238
78.9324048
77.3822677
75.92422109
85.67402385
80.32071626
82.77710418
78.99610285
86.89878977
77.53189237
82.04439174
82.19290696
88.04833652
81.61959675
83.645142
84.25106603
77.50258568
89.15442745
67.75417923
74.70610314
84.78459195
83.11225954
75.99179692
85.52347544
83.65620741
78.7419301
84.61716085
82.53329245
75.97032259
84.29077994
76.42013006
71.12868979
78.85293195
83.74737843
72.65655388
87.5360274
73.84207868
76.04405019
78.00157135
73.76790246
79.26873344
82.83203334
73.27655204
82.73072648
88.8415229
82.05893129
77.75714069
79.8227927
84.13359604
79.43501265
77.23774912
80.34629001
76.39261437
81.51593412
78.74568124
83.7669156
83.7296366
85.16158545
78.57823053
69.37388598
78.41740762
79.49329184
80.269267
75.70436848
74.17059185
73.73665257
76.3019261
84.54092537
88.45399474
80.11758195
83.66871176
77.26643829
79.84816474
85.73439433
80.62950906
72.57895935
82.13166255
77.13084932
78.23996075
78.60736717
77.84224141
88.91787737
72.94328342
88.81419839
85.15073309
76.308207
78.33206691
85.15746425
79.0256572
85.36239198
79.43946694
85.65563934
68.15009838
75.88626865
77.63618789
87.15638498
91.39774466
79.75973649
80.87220148
70.54268283
81.95639469
79.1215993
78.38107423
80.69216524
80.24888301
71.57742666
86.44887385
78.9424364
89.20158662
80.39028203
77.54667784
79.62925574
74.48611069
80.5512222
88.69459818
81.13491413
81.26951685
82.12995449
88.72143012
75.58333886
75.18406832
83.64452792
81.72894824
79.64279431
86.40383601
86.61215667
70.91460248
85.39276881
77.32762605
73.94028668
86.22954344
78.76416605
85.37794116
89.37557493
78.03128961
76.58330515
76.87603479
80.29847343
74.76034606
75.13384594
84.57042931
85.34699621
81.92204784
90.92017841