Pattern Type: Normal
Dataset ID: 44
81.94229221
75.04927144
78.49202391
76.91019278
81.28649742
71.40810497
90.87642325
87.76309324
77.92525875
78.42988836
79.35471315
84.24394004
84.11475367
82.3338103
81.69947434
76.94495486
83.48606011
81.74794342
82.48155022
80.28933282
79.47533752
80.06197661
78.18761674
81.56939213
91.66971169
82.35125018
86.72370566
78.34690973
78.98832598
76.92672383
81.64284708
81.05707529
77.93197929
75.76065416
78.10704424
68.15016085
81.40965482
78.76548061
81.65553894
76.49627193
82.66302609
82.46847424
78.91577422
84.75785232
79.04187887
77.69010057
82.35612428
79.13202337
80.15538056
81.17150202
71.58442997
64.97392224
80.0839612
75.64721702
78.75733882
79.8952736
85.05414751
84.82157745
83.66159204
81.03634752
86.39140881
76.33217238
80.09563161
82.47031555
76.30894785
79.14007274
80.46736632
75.39251184
77.98740841
81.82176969
84.08891417
85.02468203
75.14939278
84.27928891
89.04383399
82.45052392
78.63595302
75.84835565
72.85491234
80.74126898
78.20784683
88.06785336
85.40695764
84.26644833
83.68609895
85.70812615
73.71534261
73.0999072
78.55401331
90.91074203
86.94715018
76.58924427
80.49312134
83.55428716
76.90445725
83.43854308
82.04146209
81.48771283
78.95385323
72.31367871
76.69797769
81.68016863
71.58455066
78.18620084
76.63515838
72.90651047
86.58919136
82.80645566
74.22563718
78.32543251
76.96831148
73.19688551
85.40089459
85.3093931
80.10006322
64.22692236
74.7416589
82.28110396
78.16819178
78.02331871
81.28832462
80.35682645
65.41111691
80.56723716
88.0941292
78.30885452
79.05410579
82.10329025
84.68335669
79.99558124
80.25402026
79.01739052
80.11144467
68.1272996
81.78228109
77.88569906
85.73712536
75.85507352
84.10821901
70.16675653
72.29142703
86.91631139
82.45085555
79.02880277
68.26476522
74.22203757
84.09757854
85.14916191
83.38308952
96.66192366
71.78079527