Pattern Type: Normal
Dataset ID: 45
79.10186114
82.00364639
84.64830878
84.73871691
71.44652113
77.79433116
81.30564697
75.01413009
76.0187542
79.20458878
76.84517936
73.38140981
85.83364881
81.51995777
67.81914505
79.80478197
81.28449517
83.09136378
79.29581775
89.21960787
85.04012449
79.81785102
78.93485691
71.74518318
83.60094252
77.97697164
79.0488769
70.5048031
80.84933219
81.05201751
82.52574058
76.99860797
83.21704452
73.19773643
89.31027822
75.76024408
77.13246096
83.18798139
79.42858932
80.62526526
86.23968857
76.77726909
77.7824325
81.5593875
80.49807703
79.33898795
85.27389319
73.19124406
72.14374003
83.44511952
89.83151931
83.8086362
73.43400718
88.72135628
73.20710716
75.20736474
79.98848202
72.6519764
82.51298534
79.82979095
80.26344871
69.54329265
79.90169261
85.94134019
85.0970721
80.29671607
77.91930364
88.64132128
82.87111631
87.56003678
85.78698708
82.39482629
74.68258315
84.28787622
77.03008024
73.60562251
79.3865123
81.10695463
75.0486645
84.62375957
79.57911819
82.20757445
88.18129598
81.6587847
81.84525944
87.11624357
82.49950436
73.72091267
76.9953601
77.378625
86.24232713
88.58244349
83.73159226
75.19381901
80.84484661
83.87669802
80.49311903
79.4568571
81.37459803
67.19580139
84.67122672
76.00407334
76.73487357
87.51506835
76.33379078
81.86941487
76.44021288
80.48005389
77.40582399
76.25848738
86.26482039
75.47384881
86.27102497
78.66731283
79.75382757
79.83848183
89.43142453
77.78850484
79.0388242
79.34045659
81.43117131
81.90910069
77.91272206
72.55915313
72.99170862
83.81565769
76.80078375
79.73850371
80.62956595
78.46356985
74.5496131
82.31607786
93.3212759
81.46655952
87.14110794
77.64493086
73.60521362
74.95392792
81.86047041
77.51573203
79.04500428
85.17074693
83.1702255
84.7608268
79.11979775
75.08180604
76.809335
80.37372583
81.56327585
84.38750801
75.95566879