Pattern Type: Normal
Dataset ID: 46
83.97606168
83.34716665
77.07017205
71.74951854
85.30305105
80.20548787
86.67883161
81.31870559
80.77658317
76.86765262
77.57990096
86.62972644
79.10399386
83.98393182
84.13035236
83.01640384
74.64598204
77.708589
80.64210732
80.89372619
87.0342039
77.03644904
78.52235072
81.23307397
87.81608377
74.65161164
75.60185865
77.12157188
79.18319513
78.68053559
84.54306095
75.52998241
67.51256673
92.85689217
83.45141222
84.45576694
80.85320215
76.34816962
83.29069653
75.16730009
85.65308668
84.35331098
84.45020609
72.3055381
77.59662264
80.62204637
80.29204697
78.0933562
90.59224569
78.64724474
79.06878208
89.32814932
83.14467285
77.61821041
80.26898412
80.75843811
72.23086004
78.45770137
75.46073863
65.39487442
78.59728446
81.94215724
84.09808093
88.69721616
80.54357106
79.96324341
77.06094863
84.39553418
79.6735582
73.06110929
82.4451814
78.12023764
92.07640068
71.97785641
75.40432608
91.62209408
81.87443819
79.20451663
74.8773653
79.21693837
71.41015453
76.03247676
75.27078242
83.66986407
75.40483918
83.88459819
89.60539842
74.86902819
80.8290755
81.07419226
66.7545834
77.26769912
86.60367002
81.70891267
79.56224696
89.87978893
74.61738936
78.99226564
88.02887729
75.68601211
77.26052089
75.69759048
76.5127967
86.43639568
84.46980845
74.78797635
75.12592297
75.14913833
80.06875
84.60718377
79.3919614
92.31918453
80.06013883
87.60614594
77.63283019
81.88789883
80.27813612
79.22898739
73.74237712
89.58923885
72.29171124
82.51603431
74.53365285
81.76894528
74.36984588
74.44757451
80.86249299
85.13184309
69.39485777
77.98202969
78.17691661
77.88053869
73.16468355
80.276222
81.05628623
88.01791283
75.47926407
75.91326007
80.49581268
79.25223846
83.59329818
79.79725725
78.59258707
78.97120747
75.94555408
77.46831255
75.81185556
71.99759495
78.53540535
73.90377328
71.38038184