Pattern Type: Normal
Dataset ID: 47
81.43764171
69.63394056
78.37760968
75.20773288
83.87128949
75.70033014
84.27838387
83.05428934
72.92015776
85.60963393
73.30712454
76.55465351
77.90358909
72.29631886
77.87809496
85.41108087
75.979537
81.23396935
83.71946669
77.52138014
82.94130041
85.53512689
81.15942743
78.65951057
92.36881427
77.7289367
84.9704749
74.73613189
77.31482278
75.97148571
78.44887483
83.29980791
87.56905925
82.61935953
70.35282079
82.94988983
80.08283093
77.17629577
85.21485947
91.4890339
71.79093733
82.05318923
81.23544649
79.63434067
69.7554773
82.43166075
81.40455479
82.88953699
81.22172177
78.51631316
76.66339719
76.84483334
83.73015642
76.26055956
74.46916704
78.53934694
81.57457488
80.3436721
86.01827409
79.89495297
74.29081901
81.65274143
85.3996734
79.29905
76.95216776
73.39791452
77.6884409
79.11807437
74.0974837
77.28802234
75.46078844
75.68648051
79.32299939
77.66814726
86.82660855
81.28258406
77.56293907
79.36381204
79.70238745
83.4113173
84.10745308
86.4693564
83.93903025
74.67244495
80.516112
71.15598636
77.63464239
83.72460397
77.62541504
84.34029593
74.9542088
80.72738458
75.46795875
74.60337884
84.40311839
71.40823823
81.52924999
73.09961314
84.72230965
84.38445479
79.93763677
81.65767243
76.20584424
79.49026492
80.95160873
85.72357229
78.33694788
82.39876119
78.67176676
82.59850185
79.87996807
81.88169703
74.47438032
76.42913123
82.42240231
82.19500066
88.73352418
80.71566462
87.07245088
80.45843693
82.62503586
83.31776317
79.50478913
79.3975197
71.22739158
77.99901795
72.36600821
84.94141554
85.09618913
76.72452832
79.2230488
91.5101501
83.21674432
80.01090684
83.12013034
86.59911993
82.23059314
76.17287451
82.53803634
85.0888135
75.8369728
68.66200903
84.18575716
73.85480632
81.75635479
72.48789897
81.54895556
74.82149651
85.32095228
80.39834183
84.91937819