Pattern Type: Normal
Dataset ID: 48
82.03965977
76.07502398
75.98066678
70.42188918
84.78566434
77.88209485
83.99689193
74.42550862
72.40530291
79.53726183
81.21013219
75.11347779
80.74555296
75.10247422
79.06410773
90.02664971
86.63488651
73.23577222
81.24609155
84.80948806
89.6285988
78.93641079
81.6033624
86.46054389
81.98496269
73.57581625
77.55290775
83.11995557
73.53098278
77.48513441
88.77258719
80.00910227
76.77858504
87.81290355
88.62293594
82.68840912
82.16956076
81.765315
79.724423
82.0806623
85.25483355
85.91611989
80.87493137
79.84132766
78.20618909
79.54918685
88.65081194
81.66393039
76.17461511
76.6423016
82.42864003
86.72800598
80.1730396
83.38150815
77.13720664
70.0843217
94.64903987
80.41359851
76.16684666
78.54243089
78.36945329
85.11914153
77.89695374
77.25937951
73.65632921
82.47175439
73.90196849
75.72880314
80.54459248
79.16030635
74.33040613
68.91141623
73.90288522
72.854045
80.67512567
83.28535958
80.9962935
86.45571538
86.46836759
79.64244744
75.84508043
83.37950288
83.47065776
83.96274225
75.53230254
85.98658457
74.99475565
74.08951697
72.06883797
84.56995756
79.97843807
78.1346334
74.75657912
77.87729111
76.81382715
87.9618029
86.49428656
86.7052339
87.74160443
91.01214444
82.80947503
78.36838669
83.93671333
79.95289721
86.87710211
77.78390673
86.14667766
78.25885353
80.24861211
79.20821014
73.14042484
82.29587747
83.16955632
73.72971747
84.98780978
79.010969
79.05945466
73.98593184
78.86172056
80.887535
80.08851662
79.41802099
75.32044062
77.09925689
94.8318575
84.42476886
81.4937229
78.19595965
78.7981882
81.63764601
86.15840522
76.50827466
83.50087964
74.5437418
95.03394916
74.22795785
81.88567355
79.43632777
78.67328172
80.82870651
77.42953746
74.37162385
88.55574192
76.91677111
80.36587906
63.13568181
86.38788436
80.65599908
80.32576879
77.08018413
83.7555799