Pattern Type: Normal
Dataset ID: 49
79.72340384
75.74866086
82.40163215
74.48824269
90.58988264
75.51300777
79.45468244
83.29071029
82.66999462
87.01070481
78.56690171
85.33010991
88.3254185
83.31409613
72.89655271
84.97667399
75.91010326
74.20438398
78.70430384
77.84637675
81.08248579
81.64628179
85.28401431
85.41484821
84.15247348
85.77027856
79.19209033
82.18982821
75.94003154
81.1986645
76.49548053
80.33463639
81.69955171
80.37851907
83.29184737
77.85876498
80.43657637
74.50627574
81.99620129
80.94821678
79.78196088
80.49299576
90.93264858
82.75004261
76.37072737
88.57669959
91.48019162
79.44988666
79.48260936
85.67813696
84.10599511
79.97489924
76.69473452
81.07298583
78.86126352
87.93901197
82.68266738
84.46684246
73.36603241
91.22703145
74.28646043
77.9250007
80.95381187
81.75862524
83.65190065
75.60197179
82.31527784
79.89242851
75.21519398
68.54915562
79.80255565
78.54707585
82.72229324
73.04015703
75.26781187
70.53712791
81.43493931
83.95730797
76.97232917
75.80835306
79.32944503
81.41570855
75.48534221
77.32484392
84.34259387
79.08071262
66.35149464
87.32750949
82.92767965
74.33668939
80.27744064
87.22869903
82.95401978
76.1308093
76.5953265
79.07252394
86.87150853
87.14380621
72.95633098
79.07478881
77.22997875
76.8416875
82.75848607
76.02395797
75.79509006
78.82115109
85.85628526
85.21072594
79.20978657
80.3054471
76.35469369
85.79033588
81.18114735
83.7572589
71.86905539
78.10520165
81.05223475
75.15139833
81.12809198
70.46417692
77.05440395
80.32194401
86.67547755
87.49292265
80.14725141
82.90565962
79.92079766
85.15996589
69.09344649
78.47614094
80.72980838
87.64231465
86.41492895
88.2125381
84.34139884
72.96557766
89.18840733
70.05638004
77.84087369
80.31888536
81.31815417
89.88904364
78.42192739
83.79993502
81.80258014
86.11723513
86.91151233
74.82872047
76.06299096
88.88842186
81.70990345