Pattern Type: Normal
Dataset ID: 5
67.4055287
81.89427266
81.54907782
77.62366663
73.80409612
87.8721717
74.88008366
79.76277791
82.19872772
72.49737777
83.17264845
71.81525763
84.4921605
87.78001877
87.34400002
78.63956492
75.30733435
74.03965882
74.82395737
79.43975974
77.56314535
82.92779168
77.73631659
82.85182512
75.22182221
77.45866406
80.82438701
87.87393891
78.25392271
74.72702738
83.38461409
71.79780974
90.05883323
68.84159507
74.64277847
75.18775951
80.88333994
74.7021876
84.24997889
79.12944116
76.29123293
88.18159596
76.14152049
78.03965975
80.84149954
78.9527473
85.96661023
82.80367408
79.57198686
82.08590036
84.69352362
80.5268014
78.33597714
79.29986179
78.281121
74.08084582
80.541396
82.70174912
79.8852503
77.40596973
78.98454434
78.81716028
71.41373748
72.88774836
78.9988517
85.54649713
79.03293058
81.56226703
77.34527309
86.49550699
79.37717397
82.75006054
75.55053349
80.13777529
85.68385043
80.61515434
83.44364304
84.75193703
75.58011802
85.09871099
80.5939082
89.49674616
85.84885226
85.28835543
69.62317121
85.6040864
80.55830058
88.02082523
82.92984064
80.80292114
81.98674693
72.01627935
75.32784616
79.80346489
83.42298379
85.436213
78.54391724
80.71975201
72.04707347
80.19711622
71.78189621
84.31248474
79.02200283
84.11263947
84.97262238
91.23042363
83.41119813
87.1050597
77.26965391
83.83480228
77.30056538
86.6255117
74.2531131
84.13129645
72.18221558
79.61836259
80.42637104
86.92520818
80.16586858
84.30936839
83.0684444
79.84321172
81.090054
86.8699608
81.89571535
88.89443155
87.78256828
74.75498032
80.70457144
84.97885581
76.19014807
86.06166675
79.10184975
72.74769693
80.07593956
75.89901409
78.73722596
85.75913764
80.47615826
69.88163285
81.44402647
81.16940335
77.75816792
88.52703068
77.06400238
75.7572792
82.93543702
81.72885749
85.31996151
82.34214228
76.48056096