Pattern Type: Normal
Dataset ID: 50
80.73349997
77.51903982
85.88995717
83.26280924
86.00949119
81.40636785
84.95177552
77.2420277
73.08071234
80.22214618
80.20040781
76.04261118
77.88485674
73.74365358
82.00984281
76.58004981
84.01013407
85.31553342
74.21139406
78.7404014
85.05881872
75.83104173
72.35122588
84.88660525
85.50817821
81.60383206
76.62625302
77.79782154
92.23269586
84.33734447
78.96319562
74.86370759
81.25563244
82.62272151
78.52814914
88.10524944
75.34136942
78.50726369
67.36530546
84.16096586
86.00708514
72.41379644
78.46045986
78.85399547
84.96973173
73.82673588
80.52868453
89.70146227
74.47722415
79.38045769
81.32419729
88.61327221
78.2410257
74.76640292
74.46774624
78.8619185
77.56207388
81.58224152
85.83207967
79.15649741
70.03154711
83.75361039
83.43545861
76.20527394
80.82603881
79.67034303
75.03851636
85.95008056
76.22698559
78.66667422
71.95942607
78.87304611
78.09935806
72.38631772
77.03791547
73.7400679
73.52355936
81.07485069
75.65005482
77.03610751
75.07559471
80.04169204
77.04909028
79.29701595
75.45106948
88.73652557
87.65477976
82.89543876
85.05188533
78.22310031
79.39144598
84.30181958
91.57171148
73.93309968
69.67142672
75.15117594
88.17758067
84.3741311
86.74697437
74.94146428
68.56784925
78.84834425
85.1154947
78.44768872
84.16679999
75.36177894
86.5922967
76.77792219
76.55650982
69.90824207
75.08373553
70.9332834
88.79831734
78.58425344
82.18540028
77.83451486
77.23075846
78.78330239
79.84178239
78.13917394
75.58595597
77.58127323
76.01789977
80.83668562
76.26504338
72.95767229
71.15147389
83.21806303
71.99503593
76.93365808
82.05668435
76.13934859
71.51666289
79.80402303
83.38764688
78.40227616
84.0553031
84.57474699
79.15107333
81.8033085
80.9224743
75.6987459
78.54351602
77.01410033
77.13536465
70.66792393
79.90116435
84.11002458
76.49935334
75.10795416
75.00943041