Pattern Type: Abnormal
Dataset ID: 51
79.40771664
88.04690458
103.1815254
90.95519619
89.00005565
88.5020304
91.52680106
87.32454572
83.64232003
75.20785245
80.25516988
75.1879212
63.09257651
67.55682954
66.4057762
71.40716966
68.2026411
68.53174577
71.04838762
82.60218747
75.11921908
92.35665309
78.82246842
92.65274495
98.88878629
91.6542265
83.60897661
96.01307714
83.78685801
84.64397831
84.92805488
78.02869232
73.88712127
65.11560177
70.90859831
68.53051712
57.7865302
78.96432181
68.09881078
81.17814464
89.17335487
81.35128411
85.19510328
91.07503602
88.56967511
84.46522621
89.59521004
90.0546185
84.98570034
73.86709524
81.52848472
71.01696577
73.05655002
66.53930066
64.7443858
67.85399205
72.64124806
72.4099451
79.8221549
80.21751895
84.18580481
75.577183
88.81524414
82.33257208
90.86115577
96.27952274
86.45215771
83.50771407
88.94473908
86.51587122
81.93476773
82.16195497
71.50597065
69.01119599
76.93673178
76.51033253
73.96161934
69.95493925
70.31759598
76.74640032
76.4758061
69.69932755
91.15923793
85.628943
91.16691637
91.88525295
91.13565374
92.45300476
88.42085533
84.19476789
86.78510045
73.09302207
70.10488973
69.58759774
52.50763517
65.88880001
64.78613245
66.53175213
81.57281599
86.59695162
82.64647476
86.09053232
77.30858878
78.582863
85.1708848
93.25590994
88.27383149
85.85864368
99.01889916
82.65896141
80.95656431
72.55057137
67.7539227
74.73095592
79.52855396
63.66129361
66.99434226
72.94822534
70.4110669
76.49853144
78.19630374
86.05603531
82.45534212
92.84927226
94.19726074
91.52077948
85.42723319
84.22972521
81.79089951
80.2399295
80.5706116
73.23014802
76.06168171
65.78193558
66.27805827
67.1804512
80.38367649
76.57308214
83.35596637
84.62278726
80.96894844
77.40735162
77.41792266
104.2658319
87.15245715
95.33809271
91.11085007
88.98872597
92.20870635
86.18254202
78.02196971