Pattern Type: Abnormal
Dataset ID: 52
92.38993711
91.32862188
87.14592364
85.33538432
81.12840345
86.84750899
89.81428769
87.93120645
80.99030071
77.82051199
81.83191735
86.31314144
82.45393562
70.83771187
78.9710358
75.29111399
72.3547048
72.3817027
78.3339146
79.7357185
83.01261924
90.15191667
80.52932486
86.59051507
81.78009996
79.28558047
83.16188377
81.54257581
78.67727119
84.94109497
79.38463205
74.41440014
65.26219012
64.9018887
67.10516837
75.34854093
75.60408802
74.09407614
74.87968548
87.07741334
86.11247114
87.10811577
87.92269271
84.1130464
84.68735872
89.0004282
84.9135458
87.95416934
95.61523675
79.14173374
71.02295177
74.00451435
67.20274082
76.3773653
79.45709626
79.20472872
77.60868248
80.38387793
74.63545122
82.26919771
88.95640312
88.17965912
85.71624897
88.79734665
83.41903841
90.26533449
79.73664593
70.47352586
77.57902959
72.27539423
68.26353676
63.22659485
67.22699629
56.77611635
88.07765661
71.89542524
86.31047631
86.77298434
80.73471095
92.86776504
85.06840941
82.19245876
85.16237011
78.08533309
87.82277568
80.29854173
87.49326639
69.55344402
80.18953887
69.08053484
76.12743175
71.85563678
74.14749127
68.76781281
82.97508702
79.73297011
90.49678315
81.12900174
78.62680079
79.38053707
91.95745767
100.0902381
88.60524583
87.75062074
80.71823271
77.74218591
66.799073
73.22547943
79.65500164
67.32932943
74.81342763
70.46597973
73.0757904
80.44480706
86.47370902
76.94647825
87.52699709
83.28155579
85.56511449
83.43768183
89.63868375
82.01629739
85.34792685
77.53951895
74.11646271
83.48193309
73.22132635
78.77034202
69.42637474
77.8936398
76.81439688
68.95690316
82.73280948
86.169301
79.57727809
95.91957548
86.6142386
88.26336217
97.09225573
95.57816697
87.49612843
84.54165892
90.45861941
78.67570267
79.97272474
79.29915616
80.0962974
71.92120847
69.85844305
74.19989194
73.44055185