Pattern Type: Abnormal
Dataset ID: 53
78.92400798
81.68399112
83.34005344
85.09433728
90.14392735
97.18038336
89.82272152
83.42970995
82.65772767
79.58714427
81.75141288
72.70659746
70.00661145
73.91088406
65.8826273
64.01727294
70.22846621
64.86542585
79.90490217
89.02535877
83.95464433
84.19092888
84.33905605
90.79105609
85.71552407
89.77826215
85.51739654
80.8149035
68.93430307
77.95054741
71.35681465
68.44166549
81.84686904
71.40174833
66.2914736
72.03209429
72.27609492
76.05488523
86.5915115
82.97783018
86.19456013
90.60644301
89.32276199
84.11197162
94.9525602
91.27234225
72.01513377
84.92170803
84.90524856
79.78657562
64.43155694
65.36291888
76.19457368
74.73964428
72.03201304
76.61484848
76.87678326
75.5421556
86.62826281
82.09687103
90.41883165
88.38231864
86.18854721
87.45174049
83.11678555
76.76173085
91.52522935
83.14829342
66.67702278
73.7316508
75.95493561
75.22286778
73.05625879
74.28318937
75.64393547
69.58808597
79.44819678
85.19141306
82.56095486
80.4545154
80.36069907
82.16835287
86.4352974
91.84387111
85.6808397
83.42489617
86.46781562
75.02293629
81.03962529
71.8422176
76.09545136
66.50395091
69.82786305
79.05539656
78.56947253
81.57775995
82.41218216
89.27968157
99.76195777
91.57462757
82.47027524
86.92609337
83.71164078
82.67876
78.40775111
88.28787997
77.91599056
70.7016616
68.51041727
66.06855993
65.49485316
67.78962066
75.13697422
76.26277239
84.28470389
82.50290925
77.04473053
79.60483651
92.74844667
83.32618437
87.27459742
95.02198776
77.99817306
83.1739731
78.89227093
84.39120381
76.16496796
61.13348244
74.20002464
66.60094835
76.77589342
74.99171636
82.6390993
80.48844929
83.53282964
87.66332404
88.31991405
80.91123749
84.59388979
86.16110436
86.85170514
88.32995846
87.82454558
70.32045323
72.52046044
68.27874455
66.05450828
68.79299433
70.03714109
76.20309868
77.5314977