Pattern Type: Abnormal
Dataset ID: 54
84.98663764
80.8616474
82.13604565
89.88494382
82.40441742
84.72036939
91.00221124
81.82151972
83.48524817
68.34091382
76.91219916
66.76514347
70.75434435
72.37302078
72.9184366
74.81638592
78.25479266
81.85749745
92.27364296
98.57496609
91.96771055
95.54210083
85.14182381
75.70284797
79.48121269
80.84878184
77.98581969
69.34986203
70.54539586
67.6784962
82.90116216
76.86500988
82.03537376
88.09274287
89.53883851
97.44558189
93.26465608
93.64424277
85.15376853
83.00782283
76.16852857
82.22860144
79.48911305
67.99908063
52.98828943
71.69858329
73.8520822
77.3960775
82.5446724
91.83837837
82.23916502
86.19855455
85.42743551
93.15527484
82.97331783
89.96255223
87.12102017
82.39430307
60.02101092
69.96284342
65.34312602
70.5780049
71.6432184
71.70576763
82.54855906
90.3704729
84.85305982
89.55492083
87.75103685
92.87032682
90.32501167
79.77438039
78.65301815
74.72593444
67.67172263
85.10811433
67.45517369
70.01206836
76.48689075
80.41429835
81.90423637
88.02680788
83.41287509
97.51430971
92.53111298
86.21937254
81.06635176
82.66838489
72.11815398
69.21359128
73.41497876
76.70674009
61.79479457
77.79221162
67.75438926
63.28528783
75.45084573
88.76435494
89.34298199
96.90837781
89.40544641
81.68499505
87.31066898
81.03514887
76.93167215
79.77703178
68.93702226
67.95194649
70.46279524
68.79192873
72.60482931
72.83356667
75.72843032
77.44058849
75.9770605
86.1966295
91.84393327
90.17509959
90.81974245
84.54247432
84.58466174
74.67643572
77.57595956
67.50725549
75.44438944
68.48931541
84.4280902
81.20248968
85.34433471
97.40968988
84.20978766
98.3221547
100.402446
94.52751823
91.45211564
82.94140485
76.13883789
80.97195133
73.94264405
73.06093239
76.01055644
78.8471596
68.40650388
84.3372062
77.85579226
92.79919373
89.04164269
101.4142822
84.93961
87.38480275
79.83787868