Pattern Type: Abnormal
Dataset ID: 55
75.58415515
86.093141
73.25231703
84.91234143
87.03930079
89.79810502
91.08181004
85.92576842
87.08046088
77.6789178
76.20919993
78.74832949
81.95498742
64.31542492
72.30541553
69.2806395
65.82181352
77.65728143
67.33804964
80.68334898
84.68953507
80.72958452
82.72905367
81.60619809
94.5742024
92.76249003
80.76551601
78.91208316
91.15944466
85.91610988
86.61779083
78.75936607
70.3111751
71.64887726
69.39649861
60.78504308
69.80128687
74.44129056
80.77660635
86.08067969
68.64343281
79.31032818
86.38968256
93.49752268
94.01289249
86.09822917
89.05860453
88.91079764
84.12457199
75.33739433
76.96852241
67.51215445
67.76681352
82.36241084
66.85453112
75.29288303
71.61351206
75.64344021
68.73690019
86.2883285
87.97563439
87.35152152
94.21720398
87.93140565
90.54393288
89.5403256
89.21344606
93.06466325
79.08928873
80.64847573
77.23697697
71.41279141
74.98988584
69.58107797
75.1898825
62.57042198
67.93717143
66.22846714
71.10946872
83.78231944
78.28032491
92.5248954
88.08739745
78.96665238
92.91596967
90.0668549
89.10396755
87.43599488
81.59645241
84.49717895
69.54500634
82.43054545
71.37273619
72.16462153
65.54471337
64.46938294
74.30378752
62.34510822
68.85261021
74.18141833
78.15700063
77.26812762
86.27869411
87.33114509
96.0497887
92.63128889
92.07764351
90.8119518
90.67271094
78.89312823
82.69869954
83.60112237
71.71543176
63.29632486
72.7307662
67.73430499
65.99218241
66.03694244
74.41615752
72.10165068
82.75919792
94.75267376
84.95106433
90.91225191
87.3517022
85.40916325
95.72218716
92.85112135
86.76860135
87.31984741
87.07959215
70.08696717
76.18643222
68.44369341
64.52990768
68.66624704
66.02554731
65.79912502
66.91610697
71.89312639
81.69524554
83.99537272
89.33084981
80.28524407
89.80093144
85.63195857
84.29965745
91.50659623
84.63888206
90.91821381
78.85634933