Pattern Type: Abnormal
Dataset ID: 56
82.53484564
87.02713091
82.88961078
100.5131741
96.74426414
97.27464563
96.95722989
86.3500169
89.88619886
84.74066356
79.9032204
70.30647201
60.87086452
72.20456715
67.99547042
58.76516153
76.53585055
80.39821902
80.7321865
82.08716983
90.99992313
89.88191848
84.43108371
93.64044804
101.4170801
82.81719713
77.69051109
76.10427879
80.30436881
74.25851685
72.30121633
64.67578039
79.82190161
65.57556374
67.95606816
70.64762259
76.84787959
82.09966328
83.44709057
86.15353514
88.53089757
94.48146445
91.54333724
88.65630655
82.12361992
77.56381203
78.92441575
74.13630774
68.21274388
72.8073659
74.58809206
69.57229905
77.61493825
72.4319304
82.6298354
79.22402647
93.68713601
85.3986425
94.43170501
85.97262401
95.05082036
87.35074406
78.62431629
87.63824685
87.85966568
81.82845583
77.51539817
66.73066835
80.22146343
77.66885742
75.29933301
72.72273953
70.6127444
75.73556484
87.27615227
89.32615004
97.33041464
90.90232969
92.93686566
88.39801456
91.2687798
77.16574048
74.23770971
74.15900466
77.19666961
79.44777871
70.57296289
73.4238758
71.08052944
76.68926021
79.67611314
74.90194082
83.6964873
94.97361968
90.66327044
94.44506182
83.12192412
79.70337278
84.19581865
79.92487566
77.38429917
81.72306397
62.0785395
63.30785022
68.83842084
62.27113483
70.79211403
70.12701661
81.86832029
84.66641649
85.49962565
89.54962051
93.33346124
93.83991634
81.21300046
91.39124708
85.60301375
77.58147328
73.89244019
66.76673705
66.21024907
68.10193003
72.88176625
68.42000884
72.83523457
80.42774371
79.26177767
85.23090146
87.08135348
91.45175078
91.03747065
89.36706581
91.19240335
77.96769721
81.98590598
72.63177238
77.15368866
71.78514499
72.40756558
73.56058419
70.06641244
64.94819908
69.30523747
88.19434535
82.13471983
87.45495038
92.74679137
85.55028687
93.75307632
91.52848856
79.86918079