Pattern Type: Abnormal
Dataset ID: 57
77.32927241
88.24411132
83.58854041
90.69030301
85.95751037
86.75698057
87.43136492
90.18581383
85.11673857
82.12650291
81.87689326
72.25745171
75.70640187
81.81107334
72.81225664
70.15491596
75.27220645
72.93309195
76.74568935
82.27389904
79.29257005
86.93069982
81.11625213
87.83730005
85.00063965
93.77364079
91.29347055
80.08872745
89.51704063
81.45334048
75.20410463
84.21218463
77.02460529
72.85695711
72.1576639
80.42504114
78.24201714
77.00064973
71.36511426
79.07661199
84.02445066
73.68580219
88.94527542
87.22202006
92.13757391
93.18673826
84.41202587
90.00829888
75.04643751
81.92358222
79.63652259
76.82939852
71.65727841
72.73112878
60.52972425
62.3350187
75.31971343
76.77739349
70.73107428
76.09598283
81.78890578
82.1603304
73.36359132
80.60222766
88.33091677
88.85412939
87.84506106
93.75134636
77.89051838
82.04316012
90.12246715
86.2551529
74.8931575
78.0277079
73.13445277
76.1879242
77.39961062
85.78325727
77.58938621
86.46382047
83.5856565
93.33295117
79.06704652
89.42938031
87.62361598
91.17088979
81.42497773
93.54931653
86.72530423
81.40067655
80.11986428
79.34327551
72.72658956
73.61076699
76.23544289
77.03033717
68.62169899
75.8811377
73.70864204
71.09678731
89.3722812
85.22115599
83.19766173
83.91196738
97.15256953
89.42422529
88.26701662
82.71056224
85.41575374
81.19530263
75.30816264
73.5079973
72.02186876
63.29132449
79.4914372
72.62673945
77.60802648
72.39052951
82.07540689
86.09206731
86.23551665
82.18219062
84.72621927
86.77421153
86.95191545
86.24968938
89.83927887
81.28297793
82.82340407
82.42799566
82.53953344
71.24557948
74.68951798
78.55109109
75.50657843
84.48762113
70.5195645
70.05778823
67.07849773
78.822802
74.59297873
78.61899532
80.55538251
84.64436639
88.31845129
91.06703654
91.67565696
94.54965533
92.32507183
75.79688387
88.92725394