Pattern Type: Abnormal
Dataset ID: 58
77.16616122
82.04764566
95.37716718
90.28578895
90.67261438
84.79135608
91.66250199
85.80027766
82.30245497
78.06112243
76.45933431
75.38599774
74.30806378
66.94277846
74.16842211
71.25765566
74.62464145
73.07032443
73.6512508
92.37362411
81.38074188
91.2829708
98.83489973
83.66768282
84.49355095
77.94440162
73.41404632
69.20519301
78.60386668
70.50195992
77.59666242
76.33527392
83.85016277
75.20072463
86.67795555
85.3687996
80.09196962
89.85210252
92.00621726
86.5866054
79.67067232
85.92848753
88.77692167
74.71146577
73.62744573
69.01994852
80.19778528
79.80642957
73.91084549
81.88991066
74.61711419
71.35729757
84.59323743
85.05676884
87.78727814
91.23657069
91.62151993
79.87115795
87.21865844
84.41314887
75.85047631
80.98891807
83.52247379
71.43189101
58.01580093
78.26398957
81.4821769
84.41581661
81.54919789
86.92803011
90.79269177
85.97295037
97.77508123
92.45852259
88.37826915
84.3036051
82.14708715
78.00047773
70.10515184
65.86575548
74.82101565
71.0072215
65.46081089
73.62835739
77.6334453
86.16859479
84.47295995
85.02249536
85.26151861
89.74496285
86.42358825
89.48070951
87.16432084
76.78287975
77.81699902
67.93079754
66.18537414
68.90351816
66.79503857
81.18604172
75.78341024
76.53138794
77.1060834
85.0962102
92.68291296
85.85164579
86.57109207
95.44601958
94.77270587
83.19387428
82.59789027
74.93230404
77.48460373
65.32605168
63.28146897
59.5672564
74.05289052
82.29915886
67.29142551
80.93406945
80.75104008
92.63007128
93.77071501
93.73853899
81.53208674
93.5591042
87.53108808
82.24380893
70.41740068
85.03403895
73.29282847
77.12217906
63.12007608
73.78284936
73.10065157
72.96558034
79.34992378
82.26154449
81.15971995
87.38451757
91.89836949
86.22586553
92.13393039
91.30538724
86.20415955
77.85850547
72.31799397
72.07971123
73.72867202
72.95087061
62.62246939