Pattern Type: Abnormal
Dataset ID: 59
69.68286586
84.33653598
94.45780674
88.76866684
90.84008812
86.89108234
75.44301879
70.47275905
66.57300978
71.53334178
73.15725065
80.52576899
89.60821049
89.58153446
87.42544099
82.79112863
84.64826216
73.4895631
71.70400536
64.8886208
64.23789383
63.07742379
77.48786872
87.07438751
86.17032288
86.07884101
87.08021264
83.71604083
72.93958367
67.1892594
65.98644695
75.04240225
64.44977486
82.5587098
86.44465885
95.68092401
93.52922411
92.25226188
88.69759094
78.22779867
59.96640658
71.28331856
70.2077403
78.21263509
92.99395116
77.75081808
86.95448119
97.84333896
92.22902304
78.32072015
74.79172391
69.84988684
75.03474953
70.8046501
76.76420876
84.05529002
88.26897322
90.9172442
100.010563
92.66899053
78.22876966
74.49248881
72.08548755
65.7813311
80.16334103
74.83817035
82.16643819
81.355291
100.2030274
97.10647901
80.81638233
76.74532284
75.73501473
77.45860793
66.15918689
59.43202929
77.68151499
84.39079675
87.6593394
87.45336873
89.20589567
89.45650905
81.9095219
75.98529262
67.27303923
68.42708502
67.47661915
78.20244365
79.69820586
88.92745727
96.17964126
93.06026242
83.31479668
79.10046704
77.71814725
69.14653201
66.24613238
64.80855263
80.83509304
78.4362666
88.15018312
96.46649912
95.5046053
91.96871904
84.87759482
83.63893342
69.55628579
64.82648101
71.92534346
71.44521166
78.70653826
81.47242741
84.81947925
97.09285013
84.1924041
86.14632765
78.94980937
65.17320138
63.36436807
69.04144587
73.9832508
69.06947034
88.09599866
84.05271201
96.31089901
98.03977913
81.33849424
74.89299753
73.30371024
67.5302304
71.99984092
70.51619167
78.95808971
86.16867172
83.62417757
95.10450292
87.97766315
77.72920164
72.48155676
70.44135237
64.00786876
70.02616219
64.39685956
78.5883964
87.75182763
90.07395043
90.23795612
92.51926187
79.34734995
69.67161353
72.66404476