Pattern Type: Normal
Dataset ID: 6
76.95605166
86.13172738
79.89992857
74.94910168
77.15436093
89.6377962
80.00063234
72.71597622
79.7560839
75.52971602
72.71967574
79.66786569
69.07978166
79.64593347
87.64148292
72.23345596
82.73069335
79.50172041
80.53346887
75.9262283
75.46263362
83.34500933
80.79674274
77.58201403
80.46473281
84.36967843
76.76869847
78.19737559
82.13292679
77.49531644
71.22331311
78.10072745
75.38025995
74.9290454
80.77660905
76.29336242
80.98460068
84.67833031
79.35113071
74.20068514
79.59653699
89.29267033
84.21811142
77.13134085
76.69462496
70.23189907
81.7769023
76.64314392
79.01312818
76.40739528
85.94671789
85.72580369
72.98458864
85.5589331
77.55335038
79.2010483
85.38082153
75.1018156
83.83383655
76.9858196
84.73254546
80.1792903
82.95670775
83.69170072
79.23339319
84.3007816
75.49856354
73.50887743
83.86411544
80.24321117
85.79660257
78.64820639
78.87905898
82.46096074
79.67396808
81.03799886
74.4322546
74.06100468
83.20426856
69.14911818
74.02717496
83.04860364
72.60748448
79.21273712
84.95023182
83.79327149
86.30230751
87.25797906
90.10317975
77.56111041
72.81242393
80.45833974
81.0068287
73.23509351
83.85146667
85.86300279
66.87242468
77.81904874
79.47519364
86.02156736
86.9576052
83.67915402
85.53126315
78.42200375
76.36423479
92.44656759
75.29092926
83.59208118
91.00179815
81.91858498
72.81149416
76.58358557
88.289872
89.56255921
75.4711425
78.26231883
75.84646871
80.57089661
77.76207345
79.25797113
86.13109965
79.77514487
78.33534429
76.88434595
74.16365554
84.15677643
82.60770657
87.73023136
76.95163924
78.62952967
88.74459409
88.5714821
86.04265486
74.13352971
73.25664542
83.27449554
76.60741423
76.47237087
76.05056389
79.44463631
81.0480567
78.63420814
86.34034289
81.36298397
84.84066831
81.218848
86.83851509
82.01159588
83.6454106
76.67117506
70.69418883