Pattern Type: Abnormal
Dataset ID: 60
78.5097496
85.69031571
80.14045899
94.15701126
86.85508556
81.32239983
79.1426628
83.56946314
75.21370749
74.51575333
69.3598958
71.89304528
75.12604327
70.28303214
79.18550608
81.66205437
86.92064487
95.494593
87.20119956
83.3799445
91.04861081
77.68781179
78.72978349
71.43136604
68.80569874
72.5686582
71.67315777
77.77898756
85.21132793
85.01767308
90.20701063
91.6919647
92.30528962
84.13061525
79.34756221
84.2348237
75.93883092
79.82250805
69.59699238
73.66309201
71.09663986
78.59429784
82.61835336
89.11272606
87.61737513
82.69507581
87.00693769
92.67870169
76.79358596
73.85942067
66.69763964
71.82121778
71.07953934
74.69592107
69.5382707
83.96896522
78.33468045
87.08662795
87.07349267
78.00625571
84.74658525
87.36122786
83.87876379
74.28935955
71.70734568
70.72813331
78.56993331
78.41549121
74.79021857
84.46485431
69.31847185
80.46178321
78.45503315
86.18465879
86.01473865
84.93993338
96.349277
78.9545629
66.15388479
75.34208008
68.24980264
72.79631454
71.97029597
77.4657361
78.34659847
86.18658562
96.34355253
90.24387454
93.73010435
86.69456771
84.12434322
67.81488607
85.04040477
78.47685544
70.2969418
76.14831502
69.39114134
78.35334272
73.06184851
88.41371361
89.87297865
90.44394323
84.25730881
93.26860278
84.66552125
81.97852222
77.73379645
66.03182047
75.79838624
65.06367882
72.85112161
78.52312027
70.68426949
80.2131725
81.62954444
81.47035567
84.85716565
79.16784705
70.62191395
83.9575389
72.92792001
73.33074117
68.83348993
73.44040129
78.89942575
71.69678591
79.58481763
88.0967124
84.59413615
85.46062817
91.41550249
88.53434081
85.28538189
80.75022782
85.53145393
84.56428857
73.20404625
74.05096879
73.76526482
67.89245407
82.69187022
86.87072606
84.39843726
83.786149
79.70849976
90.27794134
83.34530751
84.27769739
76.08477184
78.99940386
65.17672184