Pattern Type: Abnormal
Dataset ID: 61
76.14881042
82.45631703
83.57904109
84.89576841
87.78607171
80.99923086
72.1067459
72.03742818
73.22949115
84.92301314
80.06988763
86.38520032
92.56795102
80.80764349
73.35327582
75.25981193
79.06715525
69.93226636
78.16277149
83.07627093
87.3265305
87.98141016
93.88780996
68.78657954
72.18581349
66.72449348
78.28101858
77.92399993
77.49354112
87.7582179
85.51730915
88.25711999
79.47921766
62.47405055
81.11702922
73.08361414
83.4209668
86.4943887
86.48881901
89.21959949
85.70002878
83.10184297
71.24974717
72.62681192
79.6675071
79.33896908
85.91559646
82.06334452
86.75297117
84.99126864
76.57065921
61.81160146
68.57065386
75.68838569
86.66134565
80.45854913
87.34073531
77.76550958
83.20039777
73.51680966
76.94256879
72.83091808
76.35430377
84.49600125
80.68722788
86.94408202
84.23706224
91.80187185
67.71134607
66.49582624
76.22367349
75.93851188
81.61917713
77.8524502
95.55036895
81.82264193
86.04284502
78.49630515
78.81698224
71.75787847
83.80565661
69.68962636
84.37552802
85.42849423
83.25237026
85.85330351
85.58720318
65.52074207
76.6771232
77.36768059
81.74236176
83.36722752
86.79176369
85.55465006
74.97412847
68.22235939
69.78820491
72.53534379
72.02841274
73.74111274
89.91750479
83.80399752
91.2999832
81.85070777
79.27604196
74.04405815
73.52745943
80.07480581
77.40813161
84.56992916
90.38038414
83.47214804
77.97762733
78.61355461
69.32009322
71.81243165
73.59265561
73.94297804
83.55967301
89.24431557
83.70025589
80.33151306
81.82477944
80.58279996
74.15502218
79.64739408
81.86834689
79.92727972
88.88916376
87.04868043
83.05223593
81.29847205
82.19330498
74.69476321
75.04806389
81.48692261
82.63370277
89.70130342
89.53092486
76.99169973
77.0886697
72.88527307
70.42156436
67.59210107
75.47452052
87.22329659
88.32584367
94.18714619
83.99091482
78.63259781
74.72151329