Pattern Type: Abnormal
Dataset ID: 62
78.24980086
91.05154238
100.8302292
97.61530943
83.08146525
76.85625433
69.90464477
70.62421364
71.24868715
79.21995197
73.12011388
89.51191379
91.01479954
96.09945241
94.70836828
78.12675416
75.60151624
68.44052896
68.78511731
77.57510092
81.65263918
97.11599287
91.64120874
100.7088243
94.15033463
82.61591972
72.86731854
72.96420846
71.37129957
74.41957184
82.14472998
84.87271062
87.68057209
95.03639325
93.41710184
78.14949231
67.05594436
73.67916986
67.79977694
67.2817856
87.99777208
87.85472999
89.03108381
101.6165843
88.97989085
80.93725348
77.66203214
72.83152459
65.59836199
70.96181324
71.02104901
81.73657132
90.44329167
93.19970044
84.0280346
79.37276395
71.95950514
68.35044719
70.64871676
70.81484901
76.09369086
85.33153914
100.3149238
99.70340304
89.72603525
78.5440441
82.81922382
71.1038609
65.75353059
75.10261075
73.50123503
93.14395873
89.24650331
86.83684541
87.82889782
76.55748971
68.72424035
67.98811294
72.74034481
64.30095139
81.93372683
88.72571006
88.36417005
87.35100676
84.28036003
78.67214443
69.54766443
65.05911111
64.27330819
74.00844319
73.79597262
87.26587124
93.10977686
85.88330885
89.65478802
79.21315827
67.17317299
69.94641718
69.43167714
67.92283802
78.21665428
84.18306635
100.04757
95.64789612
85.78271918
87.51824145
75.96651475
66.06733478
67.78395168
65.74488862
82.73931937
87.97751653
94.80465917
100.8943778
86.9593044
81.44131232
63.51741967
70.28361622
58.59731518
77.27710196
77.34765726
82.02983504
89.68206371
87.17877085
98.1133274
75.80007522
64.88937337
68.9708916
67.34140774
70.18706727
87.28684044
82.33804546
97.64013947
86.3622803
88.37459965
86.07605731
75.65147041
64.32404235
63.04017907
71.32891803
68.97789576
89.32375031
91.36990373
88.61289409
93.61921307
86.83797653
69.19547173
70.99715103
69.35483305
66.66912443
78.35048007