Pattern Type: Abnormal
Dataset ID: 63
81.13407097
84.50512673
87.83177088
90.63248881
81.34798264
86.20259104
85.6748461
70.94465828
74.84148333
73.18860138
78.5534879
63.52291889
63.98348023
68.41570473
70.98628826
80.55119747
82.43552966
81.78948636
78.73472359
79.93838374
88.64090484
85.50056086
92.7202039
84.01554723
79.18297066
87.4599855
73.3069557
75.92793057
71.05629793
69.88326718
77.73947768
74.82365429
82.84005408
80.89322692
86.23157066
94.96630006
74.39596185
85.74559343
82.39430939
77.32878195
75.98515923
76.60558199
70.78458696
68.89852818
68.62135958
79.13531326
84.13877311
78.68337465
80.57073787
93.23805939
78.83973468
84.17724641
86.25668935
90.73176882
85.90705945
81.16750346
82.20513925
76.51261262
70.58548053
66.46974969
62.6386211
76.56230872
74.4327481
72.6796024
72.46023887
75.67929766
84.5821963
82.12346142
88.67215866
82.99467861
85.53281893
92.88215265
77.96685888
86.93490086
75.64366128
67.37273903
74.21519076
73.66890928
72.04843956
77.97713635
75.18039165
79.00622742
93.47140969
77.24541706
86.02382076
91.06683205
88.51998376
85.73401602
79.4393526
77.96354576
71.8174201
82.12179133
73.69260242
62.59081645
73.98108681
75.35091372
67.97646783
84.69674932
83.14341692
84.73316082
84.92249955
84.53120546
83.99830113
76.91213343
78.89174892
69.11597075
75.67559376
80.94326137
67.13915236
78.68560633
77.74223407
75.96356958
78.64549112
88.38147897
95.00817649
93.28492237
94.68205349
87.80395488
81.22866003
80.16755858
80.64719619
74.92377249
76.53501043
76.86186995
78.62913128
71.27634777
71.27444257
73.40062643
82.0836022
77.25100739
88.69435377
85.73374616
80.74588503
88.56759804
86.20012279
85.07789308
85.45179575
83.91601444
76.40562191
69.92501467
70.73107876
72.59020502
77.52532779
69.16313132
81.26805915
84.27505044
87.10755316
84.22575466
90.15123751
92.14471012
84.89670319