Pattern Type: Abnormal
Dataset ID: 64
88.77806848
79.78686072
82.59612891
78.94283309
89.31525525
83.54595135
74.11867833
71.35924435
68.70934146
63.76119364
70.74755006
71.62188771
84.1083425
92.34164759
82.88034693
93.61833409
87.96539469
77.02172361
77.696097
59.05751527
64.14946674
71.20962859
84.94060336
88.37346327
90.01365325
95.95179223
94.64817686
80.08324254
85.94549717
78.98613676
76.60140411
63.00458932
73.89671499
86.92239748
85.16550956
89.66940057
81.99319803
91.70437999
76.28068485
88.49753438
66.42737112
71.59971911
68.6847937
71.11783952
70.21041746
84.82486159
93.68796039
90.64603949
82.66024832
71.16310367
78.70822282
75.60448777
72.9457539
74.07776252
67.80674056
67.58073451
79.99131719
82.55465836
87.7244095
87.38887574
88.1498605
73.16581913
73.24090689
64.7091001
71.12282303
74.96196664
75.58345414
91.09985839
83.62026347
82.69004285
83.55688674
90.3892456
78.74684022
81.49009433
70.88850424
71.89045908
73.54246483
83.12961008
82.46676561
96.59650434
92.13082502
92.98354033
77.88143429
80.41189445
63.29133034
72.68437007
74.94665833
77.38938874
71.32834149
77.75110859
89.76243923
91.96412077
93.27602653
92.85711895
71.67241615
71.31181819
73.77435575
69.18246891
72.43817272
77.15709592
79.78666564
88.26029499
85.27229556
92.27608129
84.20213956
77.01118581
69.28165841
63.75551239
75.07408157
80.88913747
84.99521121
89.98472443
91.24472043
88.54070041
87.38598724
80.55473089
77.95327253
67.81464832
57.84986015
68.57111233
73.68874071
81.30473828
83.73743457
91.85762329
91.8426267
95.06137474
86.77182498
65.60195815
80.24370105
60.71915241
68.73933876
71.72065055
81.61315589
79.8613726
82.54370571
91.73304644
88.39678626
82.63616934
72.0900396
67.87761435
64.10164538
66.66301373
74.06245921
82.47036419
83.57536398
90.31856855
88.36497542
87.91721574
84.65302919
62.72128854
77.82996868