Pattern Type: Abnormal
Dataset ID: 65
86.88473104
86.11230571
79.47762411
83.94078996
80.288047
73.73609929
79.37024875
63.48043914
63.86163414
81.10856728
85.62329896
90.81181375
91.91616079
88.89347489
80.88349078
78.05276312
67.31539781
74.27451408
65.29232078
80.39834912
76.90822963
88.09631843
100.720422
89.33735586
94.53197395
74.55514288
65.15155953
64.27969107
65.71514114
74.26963526
72.29939269
91.4126805
86.27899371
93.04311796
90.94043136
72.26366198
69.08258318
82.22877358
72.89138859
74.73640662
80.18428208
82.91444143
86.30812919
94.78888511
89.96906451
76.71467268
68.30301048
69.77101815
72.74370947
75.05448935
81.8615063
91.35699549
97.1739973
87.52675139
79.7319191
76.87321657
73.27314035
69.48490561
68.59886709
70.41416639
76.44287194
77.14912784
92.19780829
80.10566297
77.97475673
77.83516798
82.61452791
78.19553402
67.22482753
78.51929085
82.80959596
83.53222154
86.7543832
80.09306356
80.50991156
78.11101361
75.68939673
69.70649886
74.3437232
68.9510508
72.02113986
83.47124847
92.62603176
89.01395592
81.57528183
85.91986527
79.36468514
67.42779313
70.456113
73.20636904
87.12138016
87.69286693
93.50035817
90.59227372
87.31344048
82.59676927
75.53363722
67.55794555
59.94573804
71.24759803
77.77660936
85.95764493
84.74135785
89.15641147
91.5563091
82.40421535
74.05468005
79.67446824
72.68671246
79.38735842
80.1704835
81.84762129
99.08779827
86.75337389
90.71055833
81.4273459
69.24325127
72.58592213
71.62095495
72.46747042
75.10629682
79.86309743
92.22783068
91.98052654
78.11223893
73.84684625
74.75644972
67.42954615
74.57939066
70.65033567
75.58545881
86.5101506
89.70643331
91.69688103
81.22499876
86.95076464
76.0141348
70.52233949
73.22268179
77.84300528
79.4507971
84.00821414
90.95333124
88.05388789
81.4615532
80.81660173
73.0623559
71.30563505
71.3507103
85.80219459
80.66278846