Pattern Type: Abnormal
Dataset ID: 66
82.48777953
85.00545883
81.17841895
84.92106057
91.78911418
88.34235179
83.40000106
85.04222517
78.34610547
83.44774779
73.10101127
76.96419754
67.99626444
65.62675449
73.31822383
80.41566793
80.44118272
74.95834285
95.16091075
88.43061231
93.56003839
86.22124566
83.13374906
85.81719429
71.25226447
73.57221228
84.28018384
71.4560579
79.13899943
71.74999944
73.00875058
65.9504943
71.08432059
83.04426472
85.41086066
81.1672769
91.80294785
89.56293501
89.76091123
79.60984586
77.69186185
70.35571395
78.2792498
72.60262659
66.66770854
59.54407492
72.59810201
73.49650836
81.33536856
87.20039763
89.34632602
93.97571382
89.33506527
89.0856281
83.69673985
79.51833256
78.08424177
67.65253449
76.02793615
67.50541679
74.31730942
66.49228794
76.68633266
76.31045192
77.64370642
82.56694842
77.84960163
81.66984336
86.93279277
98.38735166
74.40474058
80.01216325
83.15741379
72.14130488
69.87586574
76.32916682
67.41859758
69.61236197
74.62597064
71.93012982
79.55793921
85.53658499
95.78443337
81.9249472
88.5103993
92.9064432
88.69540157
78.11964309
79.6177959
75.8801496
74.48549108
64.77238514
75.96927989
67.47750637
71.64767071
89.34851259
81.52818046
86.67348775
85.64803681
84.20123781
92.09593319
86.33208779
91.29379466
82.88087009
81.09146434
83.6196548
63.94057517
75.30802655
56.88549766
71.02161754
73.36397083
84.51710325
88.55597467
87.58163748
88.85004725
88.83411435
92.30208572
89.15313804
80.06615733
89.16722683
76.03055577
84.23472666
77.75805326
76.94814308
69.47385867
78.87256673
82.59765302
72.75033391
71.26471604
77.41556293
81.89231363
82.64578572
98.03772339
84.80997244
79.86821465
85.00558047
79.02621261
78.65254578
76.05266882
79.01881805
74.23440305
81.40377856
79.42460562
75.37910893
69.49367056
85.69661367
89.83029841
88.83985003
89.15476972
91.95877486
88.22920463