Pattern Type: Abnormal
Dataset ID: 67
73.73502667
90.35812245
99.50742402
95.86411991
93.85382394
94.90403407
83.85332683
75.19956001
79.30984174
71.02998409
65.52446394
71.56484714
68.66318819
63.8194604
84.08593377
83.46678712
84.78447352
91.23723489
93.40630459
83.22161501
85.79076383
84.17395619
81.19558158
81.06707472
76.51999242
63.30201093
69.82456649
71.05399671
73.82223419
71.93253686
80.95376992
86.57676598
98.03598192
92.58891373
94.02390544
84.51973088
94.14055858
86.05528504
71.70367731
71.29080452
65.16209299
72.1059235
60.74374369
72.65389902
66.80416997
77.96562057
85.05946601
87.35284811
85.56527743
100.199837
89.83371234
82.35335958
90.59873387
77.070352
67.19757307
70.37469514
69.46183855
66.36539522
75.59053025
84.83983529
85.25555931
85.73377031
95.17191987
103.9910696
99.09370584
96.80211226
84.12792512
88.68155866
70.40647129
75.71730731
63.11581001
62.37113212
67.48518569
68.24782264
71.62764972
79.2292076
93.21680599
86.49187594
87.78047005
95.07610943
87.65348853
76.4964958
88.28586531
72.89884981
72.83945193
70.12997668
75.02706901
78.8383839
62.09960202
78.49274256
77.42688642
90.7268037
89.75906422
86.74001681
92.84918149
83.96091375
81.59277475
81.27604063
71.75068534
79.3930898
78.27545552
68.29561425
65.04313406
74.80770139
72.3579881
72.3976094
92.50104104
93.78014938
92.33895528
94.52823734
84.94522319
81.15424131
80.60494121
77.93078229
75.56393842
78.45095476
62.58686081
64.61980455
78.54664901
60.17102176
82.3468824
89.26814741
91.58827555
85.74940701
89.78148274
87.19706591
79.88430614
79.95693791
79.02081839
79.85410421
64.95319514
67.47858779
78.00079807
69.65739115
70.82625082
82.06532055
86.08561878
85.58376465
103.9689548
96.94644609
92.82956778
85.47077282
78.35895421
72.85398845
67.56393969
74.27611358
70.63759882
66.03149585
67.4323878
73.04365551
79.36768394