Pattern Type: Abnormal
Dataset ID: 68
76.67628017
81.20328703
75.03002145
88.46990855
88.88607603
93.32545928
88.30023368
93.88156365
86.55134835
71.15505525
78.41568986
72.05539592
79.72763712
87.01710085
71.27437248
76.14568801
65.06713536
79.29609564
80.07929551
84.17977696
86.16726811
87.32987389
91.00042803
87.83401659
86.09333057
92.43455814
91.11512843
91.74437134
84.63338175
78.91055606
66.87164171
67.65880552
64.7241317
76.33815484
74.19730056
74.00033496
66.62655651
80.85045348
73.17262247
83.23053202
82.02161093
95.013829
95.13464134
87.15284132
90.64952097
84.5564241
93.26622062
83.42187944
77.88893011
69.69269919
72.47381628
72.58850356
54.01901923
73.2124931
71.02330697
73.42907582
80.06749287
76.08131411
77.97243033
84.45255895
95.49160642
98.30987323
89.56918195
81.80544069
92.40179615
82.77342558
90.11577824
82.78499079
78.42058009
70.81898376
75.15252255
70.02555967
63.6106804
77.65039322
69.19734614
76.36529615
82.55159433
79.73588607
86.45700035
85.84163716
80.13111515
90.03293521
90.00007564
92.78574175
85.6493328
81.94484138
88.37684785
76.88747871
76.75763969
78.87803235
72.25717225
75.30928168
79.43306666
77.86895407
78.5954257
80.04721196
87.03823589
90.33428857
97.26182736
90.36899309
88.17991733
94.75770995
85.47223561
79.04522388
85.66162828
78.48507013
84.38305635
69.34523908
74.45297002
73.0497441
68.91976632
70.72452205
74.05440644
76.07636025
82.20784221
85.28640562
93.12790006
87.19690251
90.69045677
91.65383328
92.24582952
77.51511386
88.00469638
80.2976968
80.36604414
70.72074493
75.9799158
76.53256685
71.54386253
66.41705206
71.05922183
72.43639917
77.81821871
84.26508183
68.44271837
83.99349962
86.96246374
84.12044693
98.30726781
92.84982885
84.86299668
81.81434661
81.64962846
71.62203945
74.83080565
79.74105787
66.35336062
72.64237284
72.82578169
73.76900547
71.51497448