Pattern Type: Abnormal
Dataset ID: 69
75.73325764
83.66101984
96.67994968
93.69819017
82.57767532
72.85840041
71.86755027
79.05988077
81.95441557
88.00530002
91.15043258
79.57204829
70.80372057
71.67175467
67.86106982
76.45306675
76.54244948
82.19252385
91.54882173
74.40740819
78.91980461
76.43679271
69.25103867
74.20586729
75.80487268
81.68061972
92.97201699
76.36471988
75.50100487
68.38220418
70.85983883
75.42159485
76.25408652
84.26714914
79.98210742
91.62548396
76.22320051
68.09585587
76.53040626
74.99955777
74.90011169
91.04824757
86.37834346
81.58396793
85.23696256
68.76239042
59.49069959
72.40470735
84.34219064
81.76646671
90.70685091
85.04839587
73.7523054
77.92361168
70.7933406
68.86984403
80.90558447
80.93496637
93.3769866
98.46241362
87.29270041
85.7341024
80.79047436
76.12600129
67.25196274
91.69667031
87.71343891
78.53524658
87.61506642
75.86835231
77.10568308
73.60727764
78.96849172
91.22999636
91.53617718
85.23227739
82.89079883
66.24452137
71.03887709
76.12341817
84.01879561
87.97121003
86.67427138
90.00711447
78.57348251
74.23473064
69.93282563
69.24450791
86.03731139
88.99463874
92.50477709
89.44552472
78.55406231
76.51660543
65.62209849
76.05968191
78.43865583
92.39003237
85.55556966
88.33704242
71.65114465
73.72001059
67.8324948
73.3485658
78.18051719
86.58187186
90.56149364
87.62897777
81.00190356
70.34670323
70.24341313
58.92293613
85.88154965
90.09154696
99.46620774
78.68562539
78.03827344
74.91094946
62.06494467
70.6332099
84.00304026
89.31497918
89.57362055
92.41051408
79.89983597
75.33105953
66.5310537
71.67463265
74.2169135
82.6372846
84.18370965
88.31029955
79.58857799
73.18049516
74.44898155
82.08437906
83.04917384
86.9060979
95.68756062
86.31894176
81.03556749
80.91004163
74.4195919
72.85988876
87.21827288
84.31002644
84.67532086
89.00805521
80.41421207
71.62959626
69.05727939