Pattern Type: Normal
Dataset ID: 7
85.98058197
75.07483094
72.9719953
80.29901372
77.79820264
75.93772971
80.89161542
79.46967846
79.03514951
82.94249822
83.00841851
70.45661879
79.55131108
79.02677123
79.7445218
78.83796275
80.85735997
81.41791846
78.76993715
85.20096274
79.85619887
77.42161217
81.13082743
75.21212198
84.96913043
72.36617693
72.37004331
70.1159481
80.75825766
85.0491983
83.33276535
81.90873451
77.69717494
78.81501485
80.6660156
75.98004497
86.59718297
75.68032673
87.57841683
85.60874943
85.1606358
77.12439411
74.17041845
81.9111477
78.06023476
89.42926277
78.71131962
75.00542915
83.55166701
79.28053121
83.08104663
82.45646028
80.7726697
83.89967228
79.13209997
82.18633531
92.01869735
79.50350465
77.72025751
74.33720877
77.58035805
69.67355124
78.46370978
75.2659414
75.37498797
76.49023108
65.07836204
73.48753285
86.58921557
79.1711429
79.09852151
85.33110475
75.88127259
76.08778492
77.98329283
77.64235163
82.49253975
85.30908266
83.42610787
81.21749606
77.93547011
77.50590807
80.13157508
87.34125661
85.68518897
79.14593659
81.97502439
82.70107681
81.41492707
79.13489559
88.22022178
83.24886696
86.27481218
80.89876918
77.76958782
78.3354023
78.29608855
78.18868321
81.52891127
88.32369848
77.18216079
72.64047605
74.69220292
71.41718381
74.78734264
81.9708124
81.89418056
75.10643434
86.85056694
85.80425741
85.05653334
82.81749966
89.3957188
87.24100887
76.57496178
93.06582536
72.19127165
80.59480591
82.40758389
86.23747051
75.06036855
84.27004046
87.47193301
88.80384261
78.34638918
85.99601652
76.2509915
81.83764042
79.500074
80.49488925
79.1239224
75.68574552
73.45895045
81.56159838
86.8261128
71.74798551
79.56599837
81.49564697
82.35263354
87.79997081
76.28990626
75.85568652
72.70161547
70.69462964
72.25503299
92.81488712
69.6964844
94.5395042
79.8973075
83.14164681
81.12009429