Pattern Type: Abnormal
Dataset ID: 70
88.74642119
83.37782895
86.2898114
97.15111718
90.96839924
83.02895073
66.58736857
68.04519209
72.17986391
68.81003821
77.04921854
81.1403366
87.45749045
91.91332075
97.62831809
84.69197189
86.01505544
75.95334617
64.3677824
70.01387212
66.55925145
68.22204728
86.8328373
83.05234842
98.36836466
90.23945336
92.64062155
85.27373425
81.93616314
68.32521104
66.77796272
62.1475794
76.85972976
82.14046433
84.93455561
93.54887689
86.981338
86.57701298
84.47249813
76.34446944
70.47141432
70.74468999
74.9479202
74.18677596
79.76648692
80.53465057
88.41493644
94.03660945
91.11847354
86.5341283
90.74886129
68.31846562
67.56451354
68.81915835
75.52567945
79.60152574
92.86909979
91.26547499
93.351454
80.97935377
88.18360664
72.28479195
71.57075181
67.21909368
67.73818319
74.6412291
81.55058482
88.41384502
92.94824685
77.92804481
74.58386994
81.02689504
72.24381221
75.82009559
60.95591773
78.36179198
77.82074802
82.0503477
88.21643078
89.24588435
95.97838871
92.73540951
82.31346356
80.40443301
70.13042637
57.13842791
63.47669747
79.38586254
78.82917461
93.76019734
92.75832194
86.83971597
85.32568607
82.42375602
81.26504559
70.00047582
61.93742405
73.41982849
86.48129268
84.37936663
87.44981484
85.05605055
89.62698591
78.33297258
88.6425231
82.84642621
76.12056625
68.20729142
72.43499276
72.80143724
83.85479972
89.41736963
93.73207127
92.63502711
86.12383408
85.05078976
74.69019821
70.75050318
74.28803516
68.7356725
74.49461932
82.65007519
76.45676604
90.26068417
95.23955455
86.35830768
91.31212013
76.14292224
73.94867541
75.13661611
68.58355854
75.04211389
86.70615364
92.32292867
99.44887962
88.07744051
93.53207224
82.19541795
81.85955544
67.07878093
63.71904957
78.48237048
63.86161194
80.58696512
84.17134453
88.38784857
87.45862133
86.84948161
79.07366934
75.13170945
69.20630559