Pattern Type: Abnormal
Dataset ID: 71
77.10508939
83.71520637
96.70215041
85.01384468
84.3600293
74.92034465
65.94786366
74.11067192
84.00964394
87.72401313
92.22146017
84.83380403
76.70626373
70.80026316
77.15673561
88.46267557
81.97669095
84.30647581
89.97147529
85.81530184
83.46837719
71.6438565
67.47923783
79.14270125
76.69419972
94.50733275
99.52207959
84.07671625
78.07891732
71.25143289
60.79824663
72.55159945
81.55606389
91.48201835
88.55656444
87.79932817
74.49671048
75.5257155
68.39378936
78.3124963
84.37033597
86.68197124
88.07445942
90.95777425
82.20699045
66.73437559
67.29945708
68.32125038
79.14924379
86.80464526
88.93333494
91.28278854
85.9380733
69.98215272
76.40005895
69.23871585
84.3996321
89.53632146
92.88676034
78.05650775
84.99014547
71.35753469
74.89530663
73.72328399
78.50575303
95.12843955
87.47010172
87.33172884
77.54775422
77.20722297
70.82717298
75.15719535
78.76725851
88.16949073
93.63768879
86.99906843
85.99895983
77.00830333
72.26824751
69.51747454
92.51531178
81.26371092
91.83991065
88.34880702
78.57867997
70.36673713
73.25592141
70.39223413
76.91268063
90.3489214
97.9516279
84.9971475
82.25250132
73.58298714
66.0047927
70.47984556
88.79089773
93.00256868
76.37005751
91.16206328
77.46152746
68.2420561
78.71700247
77.18577787
77.35703761
88.21681702
86.13673483
80.82332235
80.63769688
68.30510246
69.50153785
70.65356361
81.54408292
81.87941246
88.49881942
84.83762201
76.20835318
75.60243847
58.39775112
64.68193298
76.96074751
86.32802747
85.16692982
81.54604894
81.85536802
65.19941063
68.81313604
71.62201583
78.57720988
90.38237417
88.82996299
87.24173672
81.45551279
67.95061848
61.64026127
70.56429563
85.47794245
94.5655578
88.27149355
90.39782433
83.50743252
82.91833614
64.88048364
73.75802612
86.81927523
87.0769139
84.73079656
88.48465768
75.0508773
72.57517955
64.18917221