Pattern Type: Abnormal
Dataset ID: 72
83.81045177
91.26236857
90.88512737
87.76815293
89.69014749
87.02164985
93.11919453
90.0358002
82.07616019
84.35225871
60.3817788
69.49059444
61.693021
62.00237334
67.86072848
72.21199307
73.30004334
83.2278995
79.03277129
87.01511683
91.93166426
89.62544977
88.1102206
90.67216955
87.18150695
85.90513221
76.95689882
76.63330647
73.69839012
70.28335105
65.29220325
78.35219995
73.86763155
70.78808111
86.81026629
81.52700545
84.48046574
87.77161471
92.07513848
87.11101498
88.31102994
85.66468534
72.36012702
83.78277467
74.19791493
71.98996777
72.46736665
63.94017354
70.1642968
70.51746099
75.73687529
73.44194052
90.04374081
85.77757655
91.34099426
84.80124554
83.69542259
88.78976284
84.96930816
77.17866485
83.40322064
66.12086301
75.06176818
67.35123637
66.38084225
73.92075753
68.85686369
71.62601687
88.14245893
74.27478803
86.57863658
86.13305414
91.92017002
94.20141977
96.22208532
84.05718915
78.56425927
88.13678366
76.39902014
70.73401863
70.30143942
64.36624318
87.61824377
67.1113233
76.36754163
82.85667666
87.10979183
84.19034666
84.44493123
95.69732787
95.47679056
83.96395019
87.6134908
84.15051175
78.02820552
76.37005354
82.71692702
67.60546816
71.74622506
69.2432476
76.90930379
70.92225621
87.00089903
82.95035173
85.70472786
92.52635302
92.58937289
93.66886137
90.70882791
84.73769136
75.6921272
78.47508923
69.38990809
76.24339299
62.44876743
67.55163298
69.715501
74.49953132
76.69600434
86.63547603
87.15616907
89.04194856
87.55421488
87.85442297
89.33046662
95.32351289
90.45194621
82.67398981
72.28205797
76.39083786
77.36338362
70.67813795
73.7564644
72.4116006
85.61513281
69.70257186
76.06829497
87.56421068
90.87766609
91.27819757
87.2431148
88.77291619
95.47803881
84.65389299
82.32211576
82.9508007
67.24628502
72.54229195
67.66051154
69.74789592
64.13552609