Pattern Type: Abnormal
Dataset ID: 73
80.5021708
84.03420119
94.05460622
96.68158503
81.23712771
77.83822091
65.07238881
70.73909418
67.93406761
87.84721446
87.63507221
89.70310882
81.14582889
84.00339318
72.06823841
76.87507864
76.99210265
66.94170108
68.22208351
84.56955905
94.78884152
93.78834116
84.44698575
76.54304137
69.78258404
74.04409853
66.64473106
77.42694861
88.56300229
82.23516129
89.62473157
83.4715219
68.08077931
69.80725497
68.55666802
84.91095272
84.68806274
83.55536263
92.19229344
82.48498807
80.2428128
78.7547707
70.66899645
72.05141784
69.95657041
72.35320592
93.10131774
86.70101477
101.9324017
83.67758564
81.08750119
75.45261508
70.00467279
71.43644825
79.87041258
92.55358148
91.76473767
87.31390875
86.78838982
79.9240587
69.00757636
66.40814017
70.74402654
84.94985547
79.50527831
91.99845526
84.68590211
90.51050727
73.25573823
76.15186419
63.30221753
63.57476856
78.43122594
82.33998403
86.48335279
95.82259871
83.00161859
69.27897458
66.56494613
68.10154263
64.8163642
79.26189724
88.09453644
95.77697363
91.2664669
85.57219809
74.35856586
66.25185052
67.52624514
72.61921458
75.70635381
90.11700399
82.19467998
89.75433775
80.46872723
69.41105162
70.20904666
71.04896147
82.3890609
83.50570675
95.05037517
93.32706772
94.24381866
83.10626651
80.72602452
68.34904936
75.7729929
80.23101279
85.48539564
80.99396831
92.76538286
92.20083374
76.85724722
80.16654224
76.81734065
62.4800412
78.18961304
84.67801634
88.55287052
98.57024211
84.43845109
80.7528723
70.23388124
66.21662439
71.59644323
78.9703639
85.41807383
88.46538879
89.40774035
80.82552711
80.36432178
75.03637574
60.31144528
63.53559447
71.85717224
79.42965845
81.20765806
87.95970729
88.1038188
76.64357068
82.52482643
75.0239985
60.19741426
71.20211419
75.50431327
88.961916
87.21968087
93.4989428
82.78849099
73.57450047
59.54336744