Pattern Type: Abnormal
Dataset ID: 74
70.90815848
86.69754239
93.22985683
91.46251894
77.29614521
81.16353677
64.39721684
70.32659888
84.0610511
89.2501554
94.58670675
79.67446506
78.51134113
71.67755554
72.88088698
73.23679898
82.39709194
86.00205287
88.38397045
88.60695761
79.98003073
71.18746846
73.7309314
67.31841856
76.23843718
81.67606448
85.96009225
81.93973013
86.05388983
69.75364527
66.21700963
67.09501095
79.93359716
93.04805835
87.10157108
85.80760109
74.98548932
77.23776925
64.26041479
76.48378376
70.11053419
85.05207622
89.59200316
81.03319629
81.78032152
74.33568474
59.89970312
70.5115076
81.75880719
78.77561541
80.86502178
87.40415794
83.21687187
73.47784225
70.5846533
68.94099081
85.08846894
83.52093861
94.13380405
83.15963653
87.08640407
81.35842254
71.18752885
69.22866041
72.98766679
96.55996643
94.12001959
83.1784907
79.53439562
77.5347886
70.02670534
72.76671963
79.77941214
93.9131133
92.28670762
81.27038247
67.86584283
73.64406264
63.55463866
70.76234393
73.50061784
78.58317862
94.06095581
91.91950282
77.78344669
68.03386437
73.74361387
77.13375158
81.24290462
74.30087909
84.84315441
86.44641425
81.41704127
74.03678722
70.18422799
75.26373302
80.0318702
79.82873672
92.41359471
91.75895289
80.00110173
68.54313448
73.3541102
76.44059507
72.09809748
80.77121999
90.64769489
91.66362508
78.35297288
76.00590322
71.87530613
71.23735511
80.81554072
87.89787897
92.97713411
84.82772234
78.69751726
60.88175141
76.24141173
66.77641407
82.07818663
91.62268246
88.66891913
92.87478373
77.87398598
75.36107235
74.62738011
70.31651611
84.94484807
83.42806411
86.03467596
82.00636663
81.99585666
70.77746082
72.26005169
71.86298771
77.35076229
85.27674657
90.89477336
79.95846134
75.83173439
73.02372221
77.57131105
68.43216391
80.81214711
91.74011534
84.61529866
88.01277043
70.45913422
73.97345664
76.38897751