Pattern Type: Abnormal
Dataset ID: 75
75.49037864
86.66361106
84.40581313
96.42562175
79.9871855
82.54972594
81.40335192
75.49788456
78.2389896
73.07602691
62.13303717
68.60242363
72.31294932
77.33086561
70.88198143
71.82702101
96.79003481
91.09865408
89.12590522
78.16344837
81.98274424
90.92732691
77.58633323
71.46400286
72.56990167
72.2062906
76.64022295
73.49382966
77.31526996
82.15291438
75.56069636
96.97077164
91.25365597
92.92497263
86.3004331
73.09918731
73.65364333
77.12178445
70.11482143
69.65133603
67.38845328
76.89975201
89.11476842
86.17255443
96.26028852
89.91767717
89.28655252
89.94517244
87.19386423
82.85020411
73.15903718
76.58497262
67.38953122
70.58239634
69.96499494
71.90534496
79.67626382
89.31738199
83.72397104
88.16658645
98.87020876
79.0417668
92.05099144
73.57518384
73.10571721
61.16561725
80.65590973
70.55424396
74.25919169
83.30870976
88.09169751
79.3813877
87.89955926
94.28193596
90.65720768
87.44170319
83.37062453
75.23865124
65.502332
69.4767778
69.79746216
66.84415881
69.21738691
71.82856626
87.38000405
84.89154808
86.99077047
95.60422441
96.11820449
95.81881351
85.92674896
82.37170192
65.82968756
79.58222815
74.68661911
65.7020933
67.23730423
75.46814244
82.52632793
73.73269869
89.31159041
94.73061118
90.00489904
87.87940631
78.10104547
83.4613163
67.04428247
74.50336683
67.64903165
71.62906252
87.2192285
75.4127615
75.7537196
91.40122468
89.42589491
86.7361433
88.12787788
91.6099283
79.89180357
77.2184683
71.54048868
72.01411158
71.72597466
74.29696177
62.9936255
68.4254912
76.88860959
84.45064038
97.51556285
92.24810048
92.28489819
88.47145201
83.81476359
83.70955046
75.40559839
77.30942168
75.87179551
71.31576749
82.33981266
77.61399657
73.89623738
94.96076701
83.34476945
90.05974088
89.45473404
84.40713104
90.97313252
88.24364695
80.48447359
75.01194088
66.14321062