Pattern Type: Abnormal
Dataset ID: 76
76.57188479
75.19213772
90.11494322
87.74244367
96.9765814
97.78467535
80.40775826
90.8138308
90.36949541
86.03844899
81.18603025
84.06090416
68.28843268
68.45127007
66.34856438
61.77231505
62.43675481
60.06286904
71.70776102
83.80212295
92.44565376
89.15629877
84.46294171
85.22948572
90.27737328
88.79020492
79.96951986
92.28884873
81.35654868
80.49287261
76.29288714
74.47211621
75.53217211
67.47777961
67.22257124
71.6247815
76.39090573
81.04984589
73.36875191
87.09288888
88.46700018
88.03270054
99.57664446
92.05207119
84.00057728
92.76292856
86.65189544
81.10331586
88.70177577
67.17653435
73.61702701
62.98515093
62.2364452
70.02213217
66.51327649
68.31968874
72.16712247
77.06831462
82.31354764
89.56264805
93.51349301
99.2879472
94.30495607
90.8462002
88.48123439
81.41668682
86.93717103
69.85012528
78.15574464
66.94619583
66.54419592
75.33456921
65.62202197
79.0883596
80.06749404
80.69297489
78.76925111
82.6209922
95.27134078
90.72078454
90.37357265
101.1689238
87.61199666
81.07600576
89.97299177
81.87256864
78.37060758
80.23267186
76.16844591
79.98189682
69.75523587
73.52398706
76.57353994
81.5678329
76.97340921
70.89220996
88.74241792
92.14374491
98.68263434
100.0693127
87.60539925
97.18734317
86.4464064
82.98101696
81.05031847
75.34385592
70.88959226
74.05856925
66.43271021
69.41203978
73.27664231
71.84615226
67.60972149
80.1910156
88.36612074
86.13358286
91.73905906
86.26108631
98.51767269
82.44489069
91.37384113
81.74405412
89.10995237
77.50546838
76.46709281
70.72982188
73.41919097
69.8143055
70.923923
67.83598054
61.21023859
78.46248642
80.14184187
83.77205326
79.17726803
86.05455714
91.47023891
93.74613698
93.90313174
95.32953975
77.9777465
92.39896454
92.04017159
83.34551312
69.76979206
72.67188725
72.59175101
63.44820426
69.06404016
71.62911749
69.17720885