Pattern Type: Abnormal
Dataset ID: 77
70.88916492
78.67695535
83.36628694
91.88347138
94.05169099
85.78682329
88.05473145
90.87918546
86.05730698
82.85495596
76.81916282
73.66778306
69.7710943
69.1129723
78.96737007
67.10397574
75.50735857
73.44103536
75.26650804
81.9802553
84.30734434
83.8104309
80.33264863
88.90989108
92.9027344
87.72936287
91.57207783
86.72443822
71.45959326
72.85618691
77.59031594
70.31870447
66.19071676
72.80300182
64.98164541
64.27086035
72.60742798
75.31325283
85.50560218
85.04794182
89.30309498
89.24390537
96.95366462
97.13685161
89.05659429
89.68909343
84.5698149
88.13418419
69.87289871
71.95645995
71.86026148
66.00559202
64.55789088
74.03809918
67.25511376
64.58461978
77.02904049
79.31816122
84.77804018
81.57748564
99.50531576
92.70542095
93.67372273
87.96622583
80.2057371
82.31377772
86.79544496
84.65809915
77.23336475
77.93161126
64.39900107
61.95107955
64.37678688
79.945335
65.31985044
79.35982459
84.90287977
83.9868356
90.74402772
90.52865251
93.03658808
97.00197684
97.92307817
80.17451817
81.84160145
82.02977574
74.70672419
70.87545474
70.51437306
56.39112513
66.16697447
64.69604098
72.83349464
72.13928528
72.37893778
81.22007222
85.93664141
88.39075874
90.57484364
93.87837572
91.7837854
92.18553971
90.40559873
91.95230385
76.93221112
83.12934032
63.89867498
72.55322018
66.39861206
61.07718054
59.73568628
71.99078275
71.36205998
64.12948513
71.22312645
85.13505066
94.5762638
94.5715074
88.75258674
86.8317479
86.82069522
80.85510034
85.74031154
85.3855136
73.93195755
77.69942168
68.29399246
72.84438045
67.29865424
69.79124628
66.8680832
70.39619184
79.36195308
73.51391787
92.62027784
74.92557649
90.56302642
87.6459165
92.90504907
83.44953143
89.60582859
81.01038768
78.65203193
77.03070202
79.31644186
66.03748308
63.77752844
61.71747498
79.19996772
66.55458942
76.14638107