Pattern Type: Abnormal
Dataset ID: 78
73.69746635
92.2222624
85.24786724
92.45599058
80.46905079
77.45329975
65.32298754
67.15538355
68.86589637
73.2876031
92.31846533
93.40462629
80.13110478
86.10777322
85.10911885
73.20132878
60.20687595
72.14365602
75.76581051
87.03204817
87.29174643
84.24797066
89.32910611
77.5997268
68.63656096
68.89818132
69.36586609
79.87750026
90.96800561
89.19843135
95.56914561
87.96948663
76.85100013
73.54441093
69.2974046
74.06292056
87.92989497
83.51511926
91.73694771
84.97660079
81.1403381
76.5520121
67.76299506
66.63051948
70.31611962
90.67091685
83.06834083
92.2908641
93.54953831
78.74991608
73.74674998
81.94117622
76.75326502
83.82584394
73.42328444
80.64647631
83.04589442
77.6752416
78.91605477
75.88982823
71.08291289
72.30455254
69.24914833
74.6082411
93.34040858
78.49799742
87.66339356
84.59657436
71.84316647
68.9771688
75.71904813
77.44127591
80.01159385
85.71756478
86.58853432
84.30976275
78.27781569
79.6174996
72.19274931
68.46192086
69.65976576
80.00331536
80.51988689
86.3038339
90.48074352
70.07627642
76.51990538
63.56522956
69.92961006
73.46746801
71.97350168
92.05998692
87.18895123
93.67046127
77.45185286
70.56117
72.45385471
72.51565469
78.57310629
80.10061081
79.04606297
94.22813003
79.433342
84.22095577
77.94766709
75.34601132
69.93464081
81.31853004
83.91725226
89.6062753
89.71033666
86.18863423
87.78172743
75.5467095
68.4091649
74.09066286
71.51939731
79.77302601
91.23644982
94.67556473
81.00757587
89.55151925
75.98413082
72.48113409
72.27137087
73.32201768
75.05322769
86.3802976
86.92348431
82.90641352
78.16931499
75.11326823
58.90456253
70.53181638
69.85732254
84.27575424
87.84866197
92.44850607
85.53460671
84.24568834
74.96171913
75.53434552
74.29592883
82.67129236
77.51065218
84.91907593
84.76943607
86.6827571
86.32930863
83.51920005
77.85125966