Pattern Type: Abnormal
Dataset ID: 79
78.43013988
80.43744907
90.37028218
95.27589427
83.11647797
92.00371033
79.37666875
80.87621516
75.6495822
78.2257376
64.4676849
69.84458124
70.98189914
80.34353074
72.1574584
85.14930735
85.96685889
87.72612528
90.58295066
85.02105057
84.36199975
87.73329232
78.32223385
74.83169808
75.89113063
82.75506363
71.49238731
73.5573288
81.22617887
72.97940796
82.90403916
85.35737313
92.38723281
78.66616474
87.89742616
82.46956888
79.17486792
72.9935436
78.30045198
70.90394342
70.22956704
74.31276545
84.13091584
83.59905257
86.4493154
74.42335224
91.08885616
91.53266108
79.44514185
86.43694254
76.58957295
76.86315731
79.99628217
80.73460818
71.39066985
74.21464892
79.38410923
78.93443936
76.71349497
88.40636987
82.67531047
86.92053661
88.94080262
73.39706324
84.2775119
74.67867508
67.49011702
70.69924953
68.50948092
80.68627252
79.92269448
85.17296663
86.80881864
94.11323705
92.02209951
85.95139168
88.37509759
79.1794028
74.1741774
81.43210684
79.57216213
81.1785126
70.49785808
74.0162775
82.18351192
83.40935398
82.78032466
82.73701438
92.73657208
88.54084125
80.71930811
82.15960708
76.3053307
72.16016635
72.60733164
73.40545352
74.23654257
71.25936716
70.52414954
92.75710883
100.0866089
92.23994177
90.95590058
86.45278345
85.03154108
81.61435744
75.00705272
75.64031145
69.10264431
71.95912886
66.01199137
79.52222872
75.89630915
80.1428159
80.76831897
84.96050966
94.15712063
94.82118306
88.70732883
75.87155642
67.46023717
69.40888065
65.05900377
75.04233505
71.11296689
69.1133727
86.35747682
86.55926515
87.53871131
92.5524244
89.19037376
84.3262578
77.10806932
79.19953883
73.41933393
71.69058136
73.77497108
72.28037357
67.59636604
79.16275119
85.51212137
77.39844591
81.54606543
82.49123889
91.48464163
92.31883647
85.20347159
86.10816798
70.21823004
76.20147464
70.96535944