Pattern Type: Normal
Dataset ID: 8
74.5911544
87.59361302
83.00362236
80.08043824
75.73862833
87.39462617
86.11673196
84.936033
65.86865651
82.00438712
83.42987924
80.21980963
89.11766987
85.51959502
77.6572377
87.25982859
78.56681201
78.16337277
79.4254594
80.18913725
84.19005569
80.92194863
70.02672556
78.73424912
77.81045157
73.6223692
72.47800892
79.49957006
83.56903548
77.53074627
87.77618418
79.55122681
90.04592372
82.76746241
79.09902492
83.04253856
72.24824085
84.28749709
78.25815836
71.77372955
76.388523
75.08138856
75.4646308
85.79396432
74.24615295
71.62774018
83.44373153
74.16567229
84.23399167
81.05226121
74.8473282
82.44130897
77.68534721
84.69090709
81.62931823
79.02012447
74.13175597
88.77095628
75.53603456
82.95184497
86.02170072
87.74046971
84.77916999
76.6922419
85.95849355
83.56923895
74.14505841
73.13286742
75.54042202
79.39311875
87.70084297
65.94111181
93.21504034
81.45588862
76.57728745
68.75350641
85.34737601
78.87609135
79.94957566
70.32343694
78.40834915
77.82890189
87.92787756
82.82088838
78.5122064
72.87743831
84.18571829
69.64725416
81.15692052
78.72139099
86.63530128
85.11613965
81.78701078
79.43525497
73.4102391
74.17474099
77.88486052
82.96116658
84.7516905
78.90087111
75.16618023
73.34957769
82.80104361
77.94167089
81.86355404
72.59595769
74.92407324
83.87459365
82.14970803
79.20286944
80.40463913
85.54752819
79.97085176
84.53496294
75.26097414
85.48253724
82.35312022
74.84425671
73.25170269
83.01179588
75.19017369
74.46713493
79.3068277
75.93693699
77.21114085
71.5554556
79.16287604
83.58964405
67.741329
78.54003126
81.38923148
73.52071177
69.37660467
72.63677857
81.80438756
72.98995118
79.29709359
74.3952098
75.39169414
85.78056953
79.24937217
82.8303314
73.39626315
78.54252373
72.86697095
82.27217358
72.50577102
81.93140364
92.72955843
79.75519419
85.05286719