Pattern Type: Abnormal
Dataset ID: 80
90.54294247
84.86717454
80.73591274
82.96655433
86.90966728
77.14874887
80.47378313
78.2690263
75.20419072
74.18161581
67.67038929
76.61178705
89.72015658
78.50724393
79.44821109
88.60495216
88.81614169
75.01061081
87.71055214
75.18410312
77.32077068
73.17274034
71.00368658
74.48758684
80.34699868
89.96041548
77.89954942
88.488343
82.30686613
78.63571431
71.0722966
75.64761254
79.86761795
67.61505463
67.4082414
77.41538833
85.6577567
96.97619002
82.88487382
89.93418955
83.78706997
87.6167556
77.68565592
74.16537341
70.58406036
68.80631505
67.88770269
80.92636379
83.80772464
83.25005498
90.64621258
94.26814562
94.76573726
85.94931367
73.75057679
68.31340268
61.49266477
73.81384973
70.56056498
85.8381358
75.25186961
91.62941019
79.45377928
86.0720722
86.45310363
86.41192309
78.34837677
74.33493288
66.80662844
74.24858919
77.95586771
76.03475188
80.43486834
80.92518849
92.08921658
91.95766162
85.45427262
84.49628832
72.59532454
67.8834519
70.1954752
83.52164023
67.79672029
69.99981077
81.97399175
87.34186193
79.6520997
81.89458239
93.38715454
69.80957263
89.02704256
81.26611782
73.37662644
70.34068788
75.80585041
70.91725693
74.88701445
78.84342318
91.36459528
79.92556522
83.27679745
90.82849698
84.99475499
83.07741993
72.95451264
74.61857785
64.24272556
63.69868752
71.97779985
96.04736011
91.99456829
92.70629497
92.85290677
87.88724224
80.12615582
73.6410656
73.19467405
69.90997808
77.32255081
70.98160491
80.40624539
87.11617757
86.73081643
86.5187427
90.29183451
76.95939268
84.06661401
80.82267855
74.08314174
67.06623148
75.14422903
76.02069618
79.05919232
79.00224556
80.08429193
88.24779546
99.33381431
92.47449871
79.26008503
76.51587
72.50452244
69.27757861
81.42271995
86.65062877
83.36372556
84.36470636
88.3828972
88.93818554
91.94278293
88.51249316
86.05890364