Pattern Type: Abnormal
Dataset ID: 81
61.87423373
86.69797795
86.7694725
79.45652523
76.40241247
71.35572184
72.70759843
77.86217589
87.33989295
87.35255644
85.98119293
82.85821552
81.20255001
69.13454278
76.16652244
75.62579159
79.5940425
86.88576012
86.56187123
76.682471
79.66061587
70.07283631
71.58239432
78.42290984
80.54338125
87.82975083
92.72028635
83.50911926
78.66693809
74.91416141
59.83257538
71.02621479
82.85359211
89.4589555
95.91481334
82.90814017
79.26725657
77.87986665
76.32039566
78.27049607
72.52261269
88.53307264
88.81023747
86.17006061
86.31816576
66.90820427
64.75969084
73.40749914
78.28434074
86.84071043
88.53804489
77.51352378
86.13765788
83.23195256
65.28726132
76.89245929
84.8547813
91.1416511
93.35683404
89.53139449
81.3539914
79.81916256
77.84646473
76.17095159
77.86857
82.6271243
97.67327198
83.51116796
82.23003023
74.36942839
77.53971835
69.37068496
73.82674346
85.59305824
90.49123485
86.74994623
73.22430889
70.14558295
69.91702323
86.27628674
84.09215636
75.54458778
94.06687264
92.4835069
94.27030581
66.34285463
77.51942642
72.78651157
80.474668
80.17769263
89.8130489
102.0359354
83.73202004
76.06864893
78.97198605
69.08982027
78.22777961
81.45152117
86.11227427
95.68374115
83.47637918
76.35066114
61.01511728
77.74288388
81.59279222
91.54637109
88.8097808
80.90224693
75.39461779
75.56380454
65.52410146
68.04880465
82.88389992
91.50502219
87.48561753
94.78239716
75.92135434
76.51875633
72.03043737
74.32179093
80.43521872
83.99225913
85.16531662
94.6225466
73.1646592
75.16729931
69.07362742
72.59632196
75.39458354
75.15064294
88.09290297
78.81074845
81.63771401
71.76287063
70.24410171
76.82751371
74.20512593
80.72822849
92.04834115
89.82650585
76.86411808
66.24067103
66.9940662
81.06514212
80.23881465
76.19338978
82.92598342
84.52299327
87.06367516
83.51038839
75.60678295