Pattern Type: Abnormal
Dataset ID: 82
77.70742689
83.96657546
88.48286019
78.12888164
96.53330862
87.1444162
83.06222441
88.27019283
76.92539129
71.43253352
65.96369602
64.28777521
61.59749306
76.99941489
74.59817745
70.24929919
79.73372557
79.86007815
88.99230704
89.27071497
91.85615903
80.77324064
86.64138758
90.17205234
75.98430408
74.43404364
78.73063457
68.35855081
81.57360096
78.8519381
80.18992991
78.66057026
81.77315722
89.18683242
89.68061567
87.01950439
81.85717789
87.1628299
81.36589847
67.79290074
68.28221111
67.69547217
69.73082653
82.71719749
74.69598551
75.08268133
79.70071192
88.81482041
81.79299456
87.93136841
89.0259686
83.00212693
78.85590732
74.17240766
79.04589963
74.02132423
85.68329658
77.94171253
68.71279442
78.54971692
72.57127767
85.35884287
83.94095026
91.11007124
85.62215852
87.10493706
91.62776986
75.81930847
75.67328227
73.47897706
73.37769892
70.93047886
74.90825145
73.06961956
75.92384814
83.89178148
84.63810608
87.456778
84.61293127
89.85342638
97.19363388
80.08909417
81.33987485
70.98832187
72.57119976
78.7149091
75.42036397
71.01531055
76.79822778
74.53158223
76.89876949
82.86816169
81.61520357
93.03848004
78.11597275
87.2303427
88.35978207
77.00668617
78.32621044
69.83006773
58.95008851
65.61734426
68.66214687
74.87255962
78.16782386
86.05277131
83.86867875
92.59469524
80.23675841
92.59798451
85.69321632
89.47623159
71.10174276
74.56928168
70.39618905
81.7764972
61.28596103
70.1684619
73.5052441
76.15154026
82.67308041
88.96197278
90.2836286
78.30130939
91.61766935
94.9608745
83.01117444
83.25145193
60.52837068
69.78278819
79.57679796
67.11756143
75.02952735
72.45099383
69.48190366
80.27295036
85.96792763
89.22609351
87.56128268
84.49905113
87.61814504
80.31774327
74.69947006
73.50243499
84.15959373
71.72546344
76.37964347
65.53075803
72.72939451
81.03985954
91.96279508