Pattern Type: Abnormal
Dataset ID: 83
74.81228924
80.62104309
83.50396875
88.37163132
77.2270247
93.14905987
82.1711782
91.4248816
82.46129511
82.38253864
84.06189404
78.46423998
78.868497
68.6371384
75.94549898
68.72060239
62.81570004
81.36497635
85.46679679
82.73386071
78.34418059
85.56209571
82.64974598
88.33848001
87.02923028
81.49769683
88.91525412
87.81839886
82.68939023
88.2605717
81.76857342
81.22262134
73.4159991
74.20937563
69.82817109
80.83492689
66.5107969
71.70752942
72.07915877
80.18115213
84.64996805
84.41615965
91.27130078
82.24143123
86.29329285
86.45768742
80.14772407
89.68981506
82.63410269
87.35542191
89.13644889
76.71609764
70.04282154
67.91151421
68.51355068
64.45980932
57.8152421
68.90678861
68.32147281
74.54021345
78.21486299
78.88364894
88.28585543
91.6136769
81.41114515
86.07071241
92.80053766
79.26135229
87.83087107
88.9083777
74.05638346
71.48074504
71.27465203
78.21463514
71.63264421
77.10978164
69.67540787
70.55929355
71.40968727
74.61866742
69.17699144
75.59245294
80.84325596
91.21427588
93.36151627
92.03913033
84.44811859
89.17909108
91.78519048
81.60517878
84.70840396
75.9736303
80.2896676
74.65517829
73.9535053
76.48406855
69.52136347
72.26083293
67.91302884
66.8669791
77.93859799
86.28803774
88.1539918
87.20203085
87.77425189
88.38106572
85.43322787
89.83989661
85.98372458
81.43276108
77.91690929
72.44978033
71.6571817
75.09756362
76.33408037
76.13079562
68.29065483
78.44914913
73.29165555
74.04237603
82.84013165
76.46649274
72.80137372
79.97357074
88.49013556
82.20278452
95.0952135
84.66333977
84.82978894
79.02809369
83.84716543
81.06286172
71.24399099
68.9695814
70.29485913
73.06710805
71.72713563
69.27789704
81.01140908
74.22578281
86.93014974
75.54005256
80.32759746
81.87374208
93.72376244
89.69582622
101.3237083
81.68303576
83.02673838
89.72422826
82.01591355