Pattern Type: Abnormal
Dataset ID: 84
82.47396266
78.2692753
90.77830929
86.86958034
92.54231084
81.39946287
87.69091844
79.12366907
79.35012599
68.25714411
74.98577496
72.22476782
69.50644007
80.50604476
76.37249136
78.39727458
87.04741786
85.8398103
92.26718451
86.6116703
83.71598799
77.31665006
81.71265236
72.3754505
70.1551036
79.57041288
69.840714
74.138589
86.06606613
89.66552687
80.20370805
95.25720958
91.21786373
84.51569072
80.84067788
76.87505189
73.11042071
70.25744813
76.38381925
71.52543612
68.36806981
86.61043708
74.04873037
75.32584371
89.28184475
84.98368661
81.83703088
85.07673798
81.7690835
85.61264903
79.41551973
74.09578524
65.30127348
78.82516282
74.79585626
74.77528479
85.65040048
81.0567976
89.9434339
91.98330812
91.07996297
83.19511274
85.30228862
80.47757406
85.12973477
83.26488364
75.61362636
70.83010326
75.30912694
86.71428696
75.21608169
86.50465575
80.57108067
88.25264927
90.00050737
89.63115935
80.27542694
76.3770983
68.17833491
73.51326881
80.79946762
75.08988179
78.78427301
79.25326906
82.41777795
83.91051753
84.76779429
93.31863688
87.35145022
81.30628053
77.43894423
73.25145961
71.91863666
76.17134053
68.24115281
66.54761032
73.1549574
74.21558138
78.30353837
82.68163632
94.05605743
88.07736409
89.55140154
88.07267429
90.2016838
77.29765294
71.23919898
66.47054182
72.59215772
69.57923067
74.6560285
65.32209451
68.52783617
82.79861002
77.75023239
94.30215198
90.32769959
77.54673957
84.04875838
73.59534168
77.78410242
72.5417881
60.0125234
76.43761571
77.69530536
74.20828476
79.07990816
87.01721488
92.43037481
89.63656049
93.59848973
86.35797028
80.99219762
78.27351562
68.68151048
77.19854238
73.41208777
71.33987197
74.62200045
74.21836687
77.04514919
73.34042757
91.0210735
86.68126431
92.52944387
91.22937349
88.78181494
76.19721982
73.69534552
67.30329247
65.64333007