Pattern Type: Abnormal
Dataset ID: 85
81.17941392
79.05867897
84.33199798
82.96137975
91.30570685
86.9716118
91.6383183
87.36927824
74.16565081
73.52006076
72.78150709
73.50870499
62.41657654
66.49314039
68.5695627
76.08890853
81.83353381
73.66607014
87.66298461
91.74036728
82.11413381
94.93018529
88.17123946
90.04373343
88.74433918
81.79924346
80.48693477
67.05768371
64.35348254
72.25220245
71.99532041
73.18453032
78.06003806
73.5669568
78.30538563
88.89024249
87.16640732
90.90569832
95.74421428
86.23077247
86.68829508
87.57167463
80.44038392
74.68953161
75.90562613
71.69045344
65.10913468
67.08997671
77.54501116
69.82458162
70.42945139
76.17483988
91.36964868
90.37528589
92.41837217
89.05035287
97.90543569
93.20896123
87.6776213
84.37849027
84.00592479
73.92824975
72.2071904
67.53858102
67.65967696
69.23356864
73.22620051
78.83565418
82.09949912
77.45483178
88.57098917
93.27209848
83.62184413
88.20746051
90.70922133
76.93771288
81.94396634
83.61051888
72.16901738
70.41599996
65.85989316
66.76886815
64.64930419
72.10270047
76.86156339
77.75497402
85.7378926
80.72571842
90.10828997
88.5565812
91.07667832
83.9679548
84.64174753
84.29549648
76.4222592
76.50115783
75.23865715
69.8276606
69.41301725
63.37027016
78.76820837
90.02270068
75.86745169
79.95480812
87.40383299
92.09561782
90.7320739
85.46646766
91.4455552
90.8606575
82.80491032
88.32868964
76.33497966
67.042557
76.68660032
62.88656021
58.62521605
68.99376759
73.85800198
81.02690569
80.45098838
97.69645451
90.02765702
81.16914628
86.59832103
86.19778489
91.63853962
86.22621795
76.59406101
83.89123519
71.21653753
71.24823187
68.61778
68.90958506
72.29361123
74.71883281
78.34538459
78.64679582
96.06052923
94.23865499
87.47561799
93.15745522
90.53139326
93.18717827
83.01261609
85.6977072
74.83345546
68.54966549
77.9305161
68.24234033
72.62269858