Pattern Type: Abnormal
Dataset ID: 86
73.18794154
78.33859833
83.07837265
95.05274312
95.05154122
87.43726977
82.32273493
86.80385139
69.23354625
68.90973958
71.45719398
74.45396375
76.62099508
84.66451413
87.20825793
94.88268261
93.77372246
90.42151309
88.58049262
83.81654969
84.63048446
69.63981231
67.17667653
75.24190219
67.99147043
71.87686213
75.80698465
80.20530593
80.44799699
86.57704471
83.79266346
94.46500386
87.21488257
74.83716709
76.7940915
74.73196967
64.16530558
78.09189161
70.34957974
76.40276298
76.86417736
97.51933471
86.52824122
91.98521302
86.54627922
83.5730119
75.06223915
62.7693292
72.54360623
73.45662705
69.01619636
78.67063711
82.22337283
84.24390288
92.51051531
82.71097754
96.47636183
84.79799979
85.76520845
78.61731679
76.76818076
65.28316726
66.63004912
78.40685694
72.3557152
83.54398356
85.69014608
91.98405246
90.35085627
86.26692947
78.2732223
84.8956742
75.39879439
75.71471382
74.98404322
77.15231272
81.10238229
78.78798505
73.35166389
93.44792431
90.31582638
84.43706265
84.00808496
81.27431178
89.11882522
87.49342261
61.70509478
65.90712894
64.96964853
76.80222926
73.88978233
81.65278002
86.83954419
86.86596021
80.94761775
87.48760822
90.47036165
74.93414125
73.49355613
69.18083759
79.96720099
67.78096899
68.41146983
80.77592173
79.48635421
79.24962982
92.11560658
90.57409161
83.85563311
85.23943108
79.33151376
76.00385685
70.93281913
74.65135315
67.8332102
75.8202722
73.76537175
73.47656699
84.04642288
82.5298854
87.59833823
95.85857827
82.81739156
80.70438833
76.32042272
69.20205312
61.98672496
80.25707666
65.55938408
78.11907763
80.89212829
84.89377348
86.76132001
84.09646841
90.39783499
86.95349887
77.2231364
73.86874826
76.70696026
64.3448929
80.34301221
70.16680201
72.42789961
71.18365415
82.21812627
84.67008512
95.74556216
89.86012732
85.35891237
77.56272686
78.74438664