Pattern Type: Abnormal
Dataset ID: 87
85.94858469
77.50320737
83.96525896
94.57923489
77.33448546
91.40682687
87.36962769
78.97117896
73.20095612
72.31617897
77.85325016
78.44222069
71.14055859
88.95867681
92.1691884
92.43852568
95.82232698
83.31332665
77.61799655
77.90738565
68.75120343
61.91205798
75.67213472
70.25332173
74.31153222
84.38667091
85.04571617
89.42422827
77.89400684
83.05249195
86.06635853
75.9592886
69.64254304
71.70815135
76.76595849
71.92948285
81.10695728
92.38712529
86.62582222
93.79506105
98.78861991
87.91338211
77.06018124
76.24106658
68.35075058
82.94775654
76.01563378
69.67181404
66.18771679
91.83889911
93.17338513
87.7518317
87.32300756
83.79188006
81.24839571
75.99712604
66.63697739
65.94265773
75.67797722
73.0871378
82.30359558
86.35501665
103.1671177
92.22170481
94.17629035
90.55160632
76.20171392
71.69295897
75.25090415
67.16234279
73.00759453
78.38404031
85.8081153
88.48606196
85.9015434
84.74752594
85.62094763
94.05187251
73.3476185
69.35264089
71.19641066
76.89727593
77.32666378
68.11677119
80.08158251
85.7389708
87.78000319
86.02505871
100.8118461
79.75404542
76.22820754
73.62236864
73.97470386
63.37591073
74.18436605
75.32631402
75.86927249
78.43183986
83.46195464
85.17724732
86.60884681
90.23333102
77.02003048
71.23072006
68.93807087
71.96879053
71.42022993
78.06562045
72.58004129
87.27172436
85.41940244
100.0249469
84.27863462
75.94879947
80.86185753
68.78310732
74.73053062
69.74378043
74.72207629
67.31993868
89.29993208
84.43815375
91.90914125
91.97503609
93.00977332
89.10050461
73.24546456
75.08220515
74.8221021
73.8602374
62.51427535
69.5943841
83.64667586
90.4688474
85.31029319
86.40654279
92.90505799
88.61558003
79.00293802
73.04117159
78.21551805
77.12819573
74.96973681
72.0147374
71.6287659
95.89551359
84.85019991
89.13119029
90.51081559
78.485431
77.98500893