Pattern Type: Abnormal
Dataset ID: 88
83.73645514
89.12748407
79.6645317
80.94875053
82.76565569
69.20636361
71.71690322
70.31365735
74.77068531
89.40063504
88.8330109
90.11436495
73.94339596
73.63351854
69.36712154
66.90608102
79.15704366
89.32229857
90.55488751
97.76614292
80.32849419
75.64013262
70.93574337
74.01087142
82.8233717
76.94865657
84.1406104
73.84733032
81.47585865
74.31159742
65.07325329
72.04971444
74.53193712
87.65461087
89.65917096
88.48536934
74.0034603
73.16936509
63.14827984
75.3380524
75.90248892
88.97459685
99.49143567
81.68072578
82.70005494
68.77895834
72.71076752
78.02522046
80.88809855
90.86584749
92.15664625
88.74777617
75.32866149
66.23006214
72.38442558
66.75445496
74.43640788
86.14327688
86.88116452
90.43845422
81.91276011
67.1883536
72.78710601
74.64328174
75.48977604
83.79060201
88.89931558
85.39979554
79.46783246
80.131358
75.57484223
75.3637923
72.64376932
98.73606622
90.95478204
99.77211898
75.63734643
71.44933845
67.6422199
77.75820989
83.92737892
87.44373743
82.79747623
85.18508621
78.11386845
71.88752171
73.61822726
70.42301038
83.2670393
97.28086717
91.78707681
90.20527522
87.34588437
72.7965166
68.23652027
68.65002428
81.69119512
88.8981952
87.85306724
89.28050103
80.42569496
77.78571488
71.17802129
69.03908178
84.76472132
87.48567639
91.25784714
89.65157165
79.10847
65.00119285
78.72076186
69.93012466
85.86980477
93.58792195
88.30713513
85.50274409
87.29318638
72.02915394
67.78277075
69.86703409
79.72453838
84.40995033
93.62595148
82.89297905
75.22897955
78.47490268
74.65247791
73.802719
85.92904773
86.43708355
82.52798853
85.78963934
75.10027925
69.54424272
68.94547434
78.06626222
84.15073055
87.25309928
95.31218005
81.72838117
83.88243484
74.99774652
69.66513468
68.11320108
77.43281201
87.43176418
89.25952587
95.3765439
84.23112761
84.24570639
69.40056888