Pattern Type: Abnormal
Dataset ID: 89
87.09897204
88.5582937
91.3177319
90.63519126
61.63018976
77.87351575
70.04905893
76.36385182
88.98414105
96.51596462
84.88156821
69.06159264
65.75012307
72.08260042
85.33169616
91.27877667
88.47492226
79.9806528
74.09089896
70.54686555
64.13354654
73.34731987
87.47105505
91.17454208
77.82216568
68.96641707
64.07315077
72.60649886
88.32730267
90.2760262
93.47368023
93.04982325
64.93879045
65.56013835
73.44143786
78.62827145
91.53219863
101.8941204
88.3487985
76.05256264
77.30687743
73.06037734
74.5515231
97.92271282
89.94806713
83.84390149
67.38150935
66.22313342
76.13680905
76.71938315
78.85426411
90.28985276
91.37907655
82.91147027
64.33255342
71.82717185
87.45583103
81.05483174
92.95410062
90.91844528
78.53977429
69.80030326
66.21210309
77.28646672
83.45776543
89.09181505
81.61247447
65.35405123
69.6728845
78.29415548
73.80181779
89.05838919
92.76966383
83.09408064
76.45972984
68.15271162
80.78271908
82.59464205
86.41006986
94.67928219
81.52532754
78.40737305
75.23013349
74.3311933
84.64899105
90.03644657
81.78292523
80.09207946
81.49771896
69.40158647
68.35677012
85.59861461
88.20531247
83.05003631
87.27167686
76.0502672
72.06503663
72.20285361
77.35766217
88.96186806
93.34247663
81.48525491
70.57765281
64.07486455
72.90659859
77.53807619
88.04850729
82.31480142
91.86959631
72.45089099
68.396749
71.93785442
79.07448867
87.97407827
91.1363704
86.64473191
78.71745535
79.09669284
63.77944111
73.84444231
86.15933185
97.02073773
77.12135792
79.18851113
64.29623549
71.2936516
76.43008489
86.30289614
90.96147991
74.33783745
74.02205878
68.69681559
73.24507085
76.86416517
78.99285667
95.34256513
77.80831987
77.72489435
78.53855197
65.37593617
84.41575537
91.19638065
85.08743448
82.68943751
74.52248468
69.32539001
64.39130125
79.70947482
88.92686875
90.85326025
81.11679268