Pattern Type: Normal
Dataset ID: 9
72.55335378
81.29288979
75.59201137
68.73085509
65.80163763
82.04048384
78.55962358
85.63850276
78.65869482
79.20356211
76.02408302
81.42892434
85.78160364
84.94369016
83.13595735
81.02127456
68.22905512
78.21702662
79.02760744
79.85276876
82.81972154
82.89412569
82.92980027
82.60767369
84.93042537
74.2402877
84.02540879
68.64604082
85.27428395
77.65960538
85.25994743
84.16255069
80.86083732
69.97330296
77.46751833
83.82869192
80.98030066
80.48839784
83.29513106
75.63389896
88.63801912
81.15126538
73.76885818
79.23272983
88.86999569
82.08728408
81.36582837
75.32958851
82.12173702
75.29307598
77.33796889
80.88360617
84.18566053
68.97466061
71.48785841
80.81132691
78.85523599
73.84508879
77.68726234
79.59179665
77.62400085
78.23601824
78.87919102
80.5787997
87.63634414
90.8502139
78.12803475
82.95778683
97.06607084
76.83406284
77.20226305
88.13322354
73.61427425
79.8415361
68.9937807
77.18739473
83.83705367
65.87657129
79.67772538
79.27707413
82.75882104
89.42486712
69.10374925
74.71391902
76.68371486
82.00839531
80.49768831
77.75634069
88.30524075
74.39520792
77.01310778
70.24356812
85.20732983
74.47494356
79.82826907
91.07224889
88.79172785
88.778161
83.81729974
71.32363023
83.18107431
75.06081143
81.19962244
79.00290682
73.00921123
81.55472442
81.59226357
81.86882877
79.80006003
78.23089432
80.55712085
75.89313757
77.10610085
79.39924067
72.38998259
83.06626842
80.87920884
80.33413096
72.29880902
76.58738706
87.24422636
82.45105993
75.33707298
88.08158722
73.48173029
77.48940806
81.38603102
68.88863991
78.33749885
77.92094764
85.10799504
75.25258108
78.38101782
83.16430524
83.62756794
81.88184701
83.52677156
81.27452875
84.30042301
82.59839981
70.30830014
68.69362697
79.91536539
86.19445449
82.08843684
80.0300812
85.11866882
74.14644686
74.31062192
75.24993987
87.11658779