Pattern Type: Abnormal
Dataset ID: 90
80.76886929
79.95806202
100.4274624
91.37596318
95.01002874
73.31418997
67.60120513
77.03952172
77.55764341
83.24196656
90.36265706
82.69204504
89.35482349
93.76451985
92.24154006
82.2131191
67.89618583
63.55525371
73.20134862
72.70689079
72.02227009
86.25419475
96.44659757
85.76561648
86.39040925
83.23600768
64.97846348
76.10751684
65.30225201
76.8290236
84.0441563
86.39951769
86.48615437
95.69036461
87.75565081
79.02803096
77.72239825
71.70965758
70.64559784
71.78227979
81.07443997
81.91821062
94.92873082
95.45472443
85.77558172
71.38444937
72.53801821
71.60957432
56.22022107
64.45724105
76.38785374
76.11165747
92.60128805
88.25173496
86.36934666
75.52427651
75.38953565
69.50063462
65.46958525
70.39333971
83.11876217
85.25038604
94.45621693
88.27254363
91.77076256
80.29721616
77.00771448
67.92094003
65.5446635
67.57210153
84.0542536
93.44167128
92.27265217
87.63648776
90.02822742
76.54366977
69.52802513
73.01817368
66.87349455
73.97321935
81.04832327
92.22034985
95.32967372
93.70221694
86.86164736
82.88468586
74.99285114
70.58616612
65.81196496
67.98424269
84.32700458
94.07547912
96.18377591
91.65380235
80.42658634
81.7424032
73.00254828
63.79401494
67.54824209
76.2989459
76.62569575
83.41931249
93.77427232
82.6228574
77.41341512
80.12444469
80.76207247
68.49843304
65.9790858
81.58936448
80.3223913
79.4185822
95.31279275
94.47684467
89.48762546
87.08479668
66.57769484
76.31196691
69.11292406
80.08479537
76.26490221
90.14591102
89.68313525
90.10362962
92.04927794
84.48293913
67.42503996
69.72554758
69.35401654
65.51378715
72.34401503
95.64415466
89.13959812
93.18966265
81.65003916
84.71526
75.98989655
73.38576828
59.25159693
77.87065161
82.33231316
83.02806986
95.97116568
84.43032549
90.1214369
84.01855785
76.09996348
68.13326458
68.02768187
75.21759252
76.47045915