Pattern Type: Abnormal
Dataset ID: 91
79.97682158
76.44474533
94.43946076
102.2883481
92.85659558
86.31194901
77.39960583
73.91717597
65.94031389
72.27702868
81.67534609
95.09659655
89.99932093
93.80867709
89.72643687
77.11091461
71.2128833
66.1284953
64.96579587
73.1262439
78.8704875
90.56136267
90.78383146
93.24886444
90.02859807
95.32416213
68.00870628
68.54503648
61.52274687
71.70358027
78.26534887
76.96329575
90.38117203
86.26984392
86.20782364
75.55799816
79.00180631
67.19669152
69.60421372
74.41207121
76.72135782
86.81540427
93.72242168
92.916899
89.53839743
86.5409152
76.23318872
61.64805014
64.16201793
78.10777152
79.16247225
87.14821341
93.41815503
92.38015854
89.04064045
81.62895942
71.31281354
69.79539125
68.91825192
69.41037522
75.03228554
89.93511036
93.34841366
89.26344549
92.32738619
80.82926929
73.74811935
64.95926376
75.66517222
70.91596725
82.03699607
82.80785752
80.29308249
97.34795121
94.3472516
87.83598381
73.08219695
67.06023204
68.16101257
70.68369022
76.52834383
84.46642175
94.33954106
94.08190488
81.84934929
78.752775
64.54517336
62.92027468
63.12532628
66.17422076
85.12139623
88.86551104
89.56315606
100.1762939
81.04037443
84.6509972
81.95654191
65.82332609
57.50629853
67.26079114
80.70964739
79.06032567
96.62285808
92.04286438
87.00112511
78.21261032
74.19910435
73.88458033
64.83930429
81.98575567
84.43117319
86.56182311
79.08332127
98.49941431
84.37384074
79.14009589
76.62739881
73.40177506
63.95945915
71.54527074
80.60551093
86.42760287
98.07253935
90.27325044
87.8613478
71.65842137
66.22872391
61.30845063
65.26089241
80.23104015
84.42516601
89.15888459
95.58428281
93.38954899
84.02459722
76.56726888
73.32505496
69.20264907
73.6244353
66.82638075
72.5538888
94.12068528
85.82910566
98.34006871
97.03178856
80.26366143
75.50839415
72.55293434
63.40507994
66.42457816
74.62987053