Pattern Type: Abnormal
Dataset ID: 92
68.98947909
87.78597834
86.73534422
83.77794043
81.9730011
83.62973126
89.89246641
89.13386489
86.85504523
79.42367565
76.03278948
73.61692391
71.58389563
66.20620268
69.31405394
68.34563566
84.1061096
82.48307692
83.84696578
77.5573336
82.14086045
89.90719975
85.29020815
88.80757658
87.30110624
87.08467061
84.23318937
76.80466465
77.03411687
72.3856857
69.89714765
65.07016197
74.00478505
80.53927046
72.20443448
84.28683373
89.84885586
88.11252615
90.18042632
70.08783205
97.01946829
88.15531104
84.19833573
77.42557134
78.34238675
72.71342236
63.36316776
66.50515784
70.2607442
72.44291543
84.32299296
74.70352548
88.1699278
85.00005401
90.50258431
99.48572122
90.05355117
91.83508564
86.4200794
82.50876443
79.52694287
78.92193022
64.41188667
66.46418965
73.9773351
65.37833658
77.15668012
73.13139285
76.7334324
81.33758305
87.4529048
87.40401809
86.6781101
92.7776085
87.92159688
85.06947233
78.53286696
87.56819531
68.31568721
72.51580511
69.14747157
74.12681849
62.6881577
75.19375841
65.42508006
80.67939434
90.01998919
83.21416439
88.42473372
84.24780211
86.1913269
78.07217096
83.51598928
88.45048689
80.55708836
73.88571092
75.65170967
76.49980968
75.41865233
75.01610378
69.24000863
75.93174929
87.43062255
85.12616798
94.1055216
87.74133525
83.79676745
95.13757022
87.08890925
91.86815317
78.52823033
72.70849986
79.63834149
74.60538104
68.68128647
76.26779567
63.74097385
77.17359724
82.09457479
88.32302161
90.57013645
85.5444939
88.98612323
95.17445777
90.3145449
91.22983647
86.99217413
82.22924388
75.03421784
84.14455981
83.35876833
65.35135073
73.80636981
73.77294582
73.97254738
73.71711687
90.1635048
82.84355276
85.46065758
89.28905784
90.69523804
96.48741422
75.54143192
82.73188701
84.02036907
71.87228506
73.96658538
75.55284244
78.97496724
71.92949598
70.83078242