Pattern Type: Abnormal
Dataset ID: 93
81.32536029
88.01192107
87.41263762
94.87969218
98.30146023
87.01244205
93.67253727
85.49558268
83.32261762
70.67265855
83.54083382
65.53158457
67.26731323
65.55524152
69.18282736
63.87347248
74.49107646
71.45367806
77.27027227
88.77863598
77.84362074
89.4756081
92.40135807
94.88100262
90.54152379
82.17193444
77.28113545
76.68249861
79.90127962
85.53771603
64.93156789
62.41103366
70.1984724
69.2345772
69.5614755
77.54815374
83.63327465
83.57024576
80.83063983
87.66878799
91.72160283
87.151087
82.05796734
91.7328681
81.02016082
74.71034931
69.17092545
78.73048699
67.25800597
62.81024003
71.43895062
69.72251781
68.51409803
69.55788971
73.29042975
81.14716938
87.60136266
90.23938855
87.77787387
91.53380533
94.87121857
89.9991189
81.26647514
80.46583733
79.71067605
61.27399937
66.50934865
71.86865604
62.00610831
66.98740941
67.48872686
63.63312341
77.60302571
84.43812137
95.88583526
86.66037282
92.95371115
88.8502212
88.32746156
93.48964635
84.83289752
86.04242609
79.35029328
71.78002605
70.07913735
75.09145963
68.56160267
61.51893989
77.18909902
66.95091848
81.1058571
91.89979455
81.92597095
97.5909098
88.92126098
95.26995258
88.26060628
88.1734188
87.59492685
79.12664835
85.14682292
72.38486175
76.59733573
71.22950259
64.90197581
70.62663305
68.8683079
76.53778509
76.21690603
92.07270416
85.55504518
96.0798048
89.76369929
89.82569635
93.21610406
89.30708526
83.64941796
78.21732775
73.47738483
66.74691645
70.85647937
75.01504739
75.67603606
75.93880075
75.98041369
80.43944558
79.85518875
87.37130749
88.14190353
90.26290438
83.9606839
93.69548733
97.9226914
89.15494255
82.04082313
79.49241081
79.04462312
63.93776122
61.67746763
72.22153827
76.75184228
65.72938129
73.3435135
74.5294616
72.99423883
82.15407118
85.49056899
85.32514559
88.38019725
84.83228129
89.31052546