Pattern Type: Abnormal
Dataset ID: 94
79.23901079
78.85747101
91.75403327
93.83764908
96.06055836
87.58987326
89.21871224
76.16668496
69.24599982
63.79750404
64.78197002
64.32804589
64.48908721
73.79500461
83.3387896
80.21179959
86.0789683
98.57685891
97.38841666
87.20931586
79.85084792
78.61598247
66.59039494
68.45468714
64.2211052
67.89753859
79.58030395
75.07340529
72.12074457
84.70398331
90.89921551
98.45064655
96.37970469
86.58447712
84.59300722
88.55888716
81.87151554
65.0785008
81.15760844
66.86682891
72.06769808
67.81038514
84.88080686
77.7297939
89.57205253
93.69562157
86.45150735
76.28157899
85.55458616
83.14766236
81.12551466
71.10581718
61.40443669
64.68120948
68.73201551
77.87233922
77.55259822
87.6375175
86.89697884
100.9369318
93.0457207
86.70058052
86.42953775
79.62836814
68.72749119
73.10324527
66.97808591
67.68098725
69.81462572
67.96448111
83.2775638
83.42987105
91.27970802
92.49224596
91.47183596
87.30761553
77.45884746
77.76511595
72.14826931
74.06672057
70.81662947
60.93478324
62.50079058
70.66896129
84.76379072
85.39867212
98.81766267
90.03947769
94.29400913
91.96358481
78.03206828
81.47330762
75.88592838
65.42064785
74.92477762
66.91535421
66.33754798
71.55220645
86.86476471
81.10196629
91.32777146
92.31868616
86.49117578
81.27826318
82.80725863
80.36850145
78.40817153
66.45520074
59.43814149
66.66614179
68.82153115
68.33621816
76.92202917
92.72039735
94.05182277
95.49600911
99.30331768
89.52189079
90.89228331
82.63812441
73.70741517
67.795746
62.89166196
69.29926611
68.18004691
81.47411378
72.65978964
87.04514839
92.984531
87.80826166
96.49466974
91.19065867
88.70164381
79.15587591
75.28057254
72.35631081
70.09413741
72.38962061
68.04931217
67.58530234
70.81283876
88.024295
86.6534955
91.96290879
91.7964768
87.80913016
85.63170477
81.19293872
73.78152621
71.67769696
75.69085136