Pattern Type: Abnormal
Dataset ID: 95
80.1855153
99.0126632
88.66504069
94.12954331
87.88373198
90.3728423
96.83160728
90.42182403
96.66132787
82.52026252
85.82974111
73.46814493
72.9639598
66.95148718
72.47400348
81.53254029
67.5793721
59.57974799
75.94201885
72.85939354
68.69377043
82.30652257
91.95301824
90.49887108
84.15736708
85.71170109
95.43599202
94.19269744
86.79771913
84.36067121
78.58998031
79.90996327
69.04403227
76.52801716
61.04378551
67.83435309
74.77727194
65.49633237
79.29640925
70.98513186
77.88433696
81.17966984
90.74440168
85.81008926
94.62613872
95.76860981
85.43929884
95.288021
89.57617404
83.22925167
78.3846181
75.5692138
82.05330901
69.35538846
70.5834241
64.57227969
74.21168339
77.22763524
77.41781604
76.02730674
79.88103359
81.66244407
85.67309158
90.99365903
85.87230271
89.77387333
101.1301291
88.53597941
86.89102764
83.22748147
80.96339822
71.8916541
73.52540673
71.4986147
59.59437424
61.8275343
64.96211873
75.74716748
74.00902876
67.25885447
83.55697352
83.75256019
90.14505749
92.27611015
98.32067191
84.67701966
83.80604773
88.41919508
81.35704208
75.95264697
80.48775425
66.6002366
71.93327394
66.32767821
74.63553479
68.17433013
72.88619463
77.44714624
73.15980722
73.35269491
75.22446814
86.85898151
78.48678081
98.04619214
91.32821712
88.24736419
87.7727672
96.24864111
87.8751463
85.91546702
82.31874042
73.89688548
76.10584335
66.06828881
72.44906273
71.44708721
71.5583444
69.0818489
82.2555208
80.286024
86.15109042
80.55344916
79.60498989
91.01514963
95.19943248
90.09803461
89.23581399
94.57319822
86.2218871
91.5470019
89.28724126
75.99006276
66.97302986
61.18167018
70.13000547
58.58578389
62.55877327
72.94633231
68.04945478
82.33456312
78.96222429
87.61868535
91.15246077
91.61960884
93.74012659
90.0191559
93.81801534
92.09118631
78.29648212
81.9063309
77.03115366