Pattern Type: Abnormal
Dataset ID: 96
74.08213715
95.8445888
85.26556501
87.56321747
85.11586746
71.57562751
73.79329955
73.46968663
74.89892015
82.27921895
80.81154135
88.61429377
87.33068604
77.88382027
77.91858848
65.40841528
68.78614772
74.5409055
89.78643946
79.16335613
94.90133245
97.58738202
90.72547036
78.23389737
70.77472715
67.32663014
72.19501125
84.87094916
89.06259103
92.09526817
90.52473782
88.71342161
78.9053896
73.25329669
66.578038
69.15862649
81.86512539
88.29630199
94.42980051
84.67610309
84.10610379
81.64281461
68.01780734
58.58611917
78.20435606
79.78248781
81.6748714
91.78617823
88.81304602
78.26342162
73.77079835
73.13225761
75.16822028
65.6503272
79.29313246
85.17619441
90.30114393
88.45959585
81.81187381
89.4161086
78.06135717
82.33520063
79.6596097
82.33786816
86.55648027
85.49065715
82.10116074
84.9991474
77.08491426
70.08728618
67.90238408
67.66340816
84.00671916
89.19631281
88.44796066
91.75464687
85.26117375
72.57396156
70.26796443
73.67098487
69.50535328
93.68019754
81.8813769
93.76876678
80.76155441
78.69134309
84.87860821
69.50495955
74.45622357
78.3425833
81.60994627
86.71409981
85.96166975
89.14551009
80.99671353
80.46513589
67.87176298
64.43206405
76.71076023
85.78759742
89.04529973
81.43963361
85.325774
79.31912922
81.1106042
74.93510464
64.93871746
68.79266329
73.76575349
88.55021449
100.8951175
92.01910689
82.64804999
79.11180246
69.7519468
74.00466881
62.28713738
82.8795903
87.39629228
87.12515416
75.91543334
84.2155347
79.83690748
73.05803977
66.66683268
66.3941131
79.18328757
85.93283695
100.7342726
95.41752933
75.68879134
67.39862892
67.66935415
78.34048871
70.67374189
74.80006133
86.83452232
84.46590213
98.0645731
81.22199606
70.17041663
62.00507816
73.16662702
80.08407547
85.53563785
83.20488376
92.31519363
90.66746793
84.51517809
80.62190575
71.11456364