Pattern Type: Abnormal
Dataset ID: 97
79.32681582
81.18400516
90.38560696
93.56304345
98.10680942
84.41710693
79.80764564
80.60580305
70.81388851
81.84575753
70.82857321
77.53224192
64.5140279
69.28284539
81.13837184
85.85565378
93.44920397
94.54769341
95.35845589
89.71299888
84.6896185
81.24049055
79.28011208
77.12137779
63.73375466
76.50659377
69.46115404
86.07038267
75.44930796
89.32007658
94.22511055
91.43982369
84.61616403
91.27786378
93.07574839
87.33755643
68.94402056
68.19145604
65.50743119
64.73956317
59.23223403
77.84369892
76.84519208
72.88112608
89.31056536
98.98719239
86.7127838
88.10422633
85.5769781
75.39699067
73.86040381
64.7402992
65.10251797
70.96760979
73.8488174
69.9097992
80.00692599
87.50032528
85.79976118
88.58743935
91.91705027
90.01312103
84.90953162
73.8250933
75.54933538
65.70495336
66.70861786
73.46332505
68.59408695
70.59232522
78.40782279
88.51042179
84.89498045
94.04690111
86.2147058
93.98580317
88.1659241
86.34610652
79.50665388
69.3220198
69.49074922
74.1502108
77.69575198
75.05892015
80.41128998
81.9213796
91.47505165
90.86826064
94.51089331
84.76619351
92.30696081
82.51626339
66.12595665
65.49609622
68.08274625
65.98987037
67.15681574
74.79951761
77.20038627
84.12538432
94.51099329
92.72818704
94.98472816
88.70764813
80.80085579
82.99899962
70.89138214
72.44406161
75.31926624
65.2434149
79.17601919
66.13056645
84.63805263
81.77786738
94.28555473
98.54811892
90.14049275
84.92652694
76.15451977
73.35129643
77.54805066
71.62142185
68.85311848
58.58597044
72.28015666
74.53001359
85.77166176
80.40720504
90.44040276
91.54886833
93.21513805
86.09520838
86.00234349
82.89465683
74.54522267
76.09646566
61.24467336
68.56256183
67.51793209
71.34665443
73.68967937
80.70654278
94.93296164
95.58864491
92.96938607
91.45507114
80.9158007
79.06783861
72.81603876
75.75699916
70.4293519