Pattern Type: Abnormal
Dataset ID: 98
69.412439
87.92937389
91.25428157
95.11425035
93.78123986
89.05743553
76.02296906
83.5211662
75.08574439
80.04955056
72.34800434
76.08532305
72.80567804
75.86110378
83.44849717
72.98822009
80.91926026
88.52378845
93.06569291
95.38164958
95.02681534
87.81990688
85.07790566
79.75536065
74.07427193
75.20168798
75.57066175
64.64500745
66.53331973
75.6850932
79.80653233
80.62158181
83.74037633
84.73118625
94.06004952
80.61385399
83.98540121
85.83702943
72.38614094
77.72262427
76.35207158
61.52090951
70.56203163
64.72243295
74.8582551
85.72006152
80.07784325
88.68463071
89.08558383
98.98673166
87.74413388
87.92010018
79.36920512
65.90777536
78.21823797
56.26758716
64.15994513
74.2831282
76.60536302
72.39986274
81.41742686
78.02634733
90.38667423
90.62183582
95.3699328
87.68917327
87.94122279
79.30778892
78.18234877
80.2312644
68.82587178
59.96970477
64.10597631
77.03783283
76.18337716
81.23177612
81.90029597
89.97837737
84.73469179
87.94074546
83.24045193
82.04471363
85.40602074
76.59578529
74.37307924
73.02079406
72.61512363
76.68976049
64.20533124
66.15489536
87.91371342
76.934436
81.60759886
89.05375064
84.23824829
89.23917837
82.51196626
76.202189
78.41953654
80.15958488
70.81385978
62.92725094
82.87424106
67.27049091
74.72753265
81.55002061
76.9808116
92.49620748
91.77130469
92.36907448
90.25142227
84.38928938
82.33389945
82.66204152
81.8150841
58.22731601
65.07007028
74.17757883
72.02209536
76.65683077
77.1235344
90.09840018
95.29178813
101.9677913
95.01474271
84.70327118
89.11472821
78.76610855
69.8427044
72.94763884
75.61124102
63.19264301
80.20346129
67.4422812
72.47688278
79.6383891
83.39633908
87.50722318
92.94053017
91.60613813
94.44004544
86.00600998
88.14233248
87.49001598
69.53072196
65.39151681
71.55523865
68.80570253
75.18773087
68.36910721
81.03169411