Pattern Type: Abnormal
Dataset ID: 99
79.16151089
96.03273072
87.68760887
91.16143778
78.20331539
77.09822978
71.771874
69.22141284
78.22247712
77.12038025
84.40688223
71.4291757
85.20317508
79.39883566
70.87561413
73.49332912
83.18579677
78.14939279
92.57014782
84.72961354
70.46236846
74.99027255
64.64856013
69.00284179
78.75553822
89.47603737
90.02971229
82.85387103
77.40654656
75.56940563
69.40971759
81.22677658
67.93668901
90.88755363
90.97180424
78.79554369
84.73040628
65.02798538
66.78101642
66.04303385
87.06280873
83.40240922
89.60213824
95.85744674
81.97031081
80.06722448
77.37952215
68.84641159
78.52590318
80.60272744
94.06779656
84.80453829
76.10064855
74.83649368
75.49162228
73.71063817
83.2428163
82.88016876
85.50688579
87.76691168
74.94035122
75.43429003
73.15299177
75.38220613
80.64879962
78.47901741
93.76897891
79.45733863
77.01031574
74.14374254
68.65007818
68.85306402
73.59221585
95.06681878
88.89555852
84.6401088
75.77995587
73.96491414
72.73820176
75.06390752
87.1551485
80.64340522
94.69044979
80.80214155
82.81155052
69.99001152
76.08000848
68.54434518
87.94055598
86.32010794
87.42127966
80.83777594
79.14295979
64.89546203
71.14729684
75.88846678
69.1294493
91.24214941
86.05004861
84.24603037
78.45439521
79.73525724
68.81789377
81.11248534
79.74536552
82.13503468
94.93298786
88.88067194
77.22998787
76.93030441
77.79606899
70.16509703
78.64110361
87.42020939
83.70880973
82.3622292
74.71320019
75.12164976
71.95929382
69.37410356
74.84766946
83.6526208
99.3943994
95.34078134
75.50679273
74.24207082
72.06894412
71.93515167
75.28908656
86.22952749
90.20479113
86.69906522
81.57815204
78.42937373
74.55768619
64.24580722
87.95293182
76.35221145
90.11400749
81.37778837
77.62437638
82.04111895
70.26078469
79.24763
89.74461822
85.92588132
91.95894415
91.51559161
85.98068525
73.75758633
78.31659702